{
  "prob": "DDD",
  "meta": {
    "model": "correlated",
    "disturbance_type": "2W_correlated",
    "gamma": 0.5,
    "objective": 7267.356045785055,
    "spectral_radius_Acl": 0.9999022974369736,
    "Z_cost": 126.66515874123405,
    "lambda_opt": 18047.363956847006,
    "trace_Q_Sigma": 2256.863168180742,
    "real_Z_mats": false,
    "N_sims": 1,
    "SNR": 15.52657210820249
  },
  "solver_performance": {
    "solver": "SCS",
    "status": "optimal_inaccurate",
    "num_violations": 4,
    "tot_constraints:": 25,
    "Time_seconds": 14.401984500000253,
    "attempt": 1,
    "Total_time": 14.401984500000253,
    "stress": 1.1782230428035596
  },
  "problem_params": {
    "Methodology": "Mats",
    "FROM_DATA": true,
    "augmented": false,
    "reg_fro": false,
    "non_convex": false,
    "N_sims": 1
  },
  "controller": {
    "Ac": [
      [
        0.9957736548616289,
        0.004085896033582573,
        -0.009008533394093134,
        0.026122305855029216,
        -0.024615997600677706,
        -0.03840520914756111,
        -0.02613733026824051
      ],
      [
        -0.011427781447139133,
        0.8281659898346203,
        -0.01756948798757288,
        0.04757422261118503,
        0.010656298757099423,
        -0.021442991509507927,
        0.01489258892630922
      ],
      [
        0.0004361617482199954,
        -0.02704145879302366,
        0.6464259048243056,
        -0.004013387104926579,
        -0.01366235428591186,
        0.002451068794126262,
        -0.015712727097934063
      ],
      [
        -0.011207595846632057,
        -0.010503296947119293,
        -0.015871838797096083,
        -0.018465823572517796,
        -0.013563323163950602,
        -0.02447486702665791,
        -0.019531523279693243
      ],
      [
        -0.0047382775937904265,
        -0.02073420355337066,
        0.008266766513501299,
        -0.023670079936858015,
        -0.17907356365751745,
        -6.956593778198608,
        0.3838674369068143
      ],
      [
        0.001815620112191864,
        0.027787616576481867,
        0.01607654806364923,
        -0.0035062377929080983,
        0.08912775451584361,
        0.45520942061861314,
        -0.022341929876976137
      ],
      [
        0.015994169097693182,
        0.21867574960651937,
        0.07914492713459945,
        -0.019664118816600972,
        0.5112750253389577,
        5.794986140033317,
        0.11588751901027321
      ]
    ],
    "Bc": [
      [
        2.4230787214154157,
        0.09189058134051876,
        0.0610306808689033
      ],
      [
        15.121227332326432,
        -25.089175536267575,
        6.350730109088252
      ],
      [
        105.27961380128671,
        3.056814137827959,
        -0.7470176138446857
      ],
      [
        5.312538924285613,
        -1.822918886099822,
        -1.4340708951660042
      ],
      [
        -0.47205828742883815,
        11.250471694225675,
        -85.26712001385188
      ],
      [
        -6.345666561654124,
        2.635294340674619,
        8.101059105617514
      ],
      [
        -36.29567838950781,
        19.160340603910047,
        90.69789074276973
      ]
    ],
    "Cc": [
      [
        -0.0021188178715763036,
        1.392203470344709e-05,
        0.00010436025837875808,
        0.0026436098070689276,
        -0.0001402903219451252,
        0.00021837899306207528,
        -0.00011676989623990448
      ]
    ],
    "Dc": [
      [
        -0.03399607165924038,
        0.03045941135582775,
        -0.002880486061056007
      ]
    ]
  },
  "plant": {
    "A": [
      [
        1.0000715068928654,
        0.0021897409525397523,
        9.389528097753809e-05,
        0.02159260931127465,
        0.0001876188409046513,
        -0.000992549506957362,
        -0.0001599035239609748
      ],
      [
        -0.0027076206043869775,
        0.9648301527190144,
        0.049225704096923804,
        0.13891807872915787,
        0.0008515762507446611,
        0.0011811763546320708,
        0.0007855115836371695
      ],
      [
        -0.10682339451616782,
        -1.3915194718337351,
        0.952465277761034,
        5.48229660250371,
        0.03359171918912676,
        0.04750888857895423,
        0.030694382732297933
      ],
      [
        -0.00011356202826651648,
        0.0005308260909777837,
        3.1930168613095716e-05,
        0.026085924951218455,
        0.030911156323054814,
        8.683909251977113e-05,
        3.234790511269371e-05
      ],
      [
        -0.0035287006976477647,
        0.016514498858287402,
        0.0009967546596174835,
        -30.260369766687948,
        -0.017238499516663997,
        0.0027094325403659103,
        0.0010015379533620137
      ],
      [
        7.799362150656355e-08,
        -5.810962494132183e-07,
        -3.9980008270239344e-07,
        -2.6703727996768415e-08,
        -1.1514388167118746e-08,
        0.9018233833036279,
        0.03449796910982278
      ],
      [
        1.2757908735502616e-09,
        4.6282408809377906e-07,
        -8.910068706915722e-08,
        3.500892717151219e-08,
        -1.3062631137397584e-09,
        -3.4490501279234547,
        0.4188078242257116
      ]
    ],
    "Bw": [
      [
        -0.004031310126993264,
        0.0001,
        0.0
      ],
      [
        -0.02531851485633152,
        0.0,
        0.0
      ],
      [
        -0.9991632632005647,
        0.0,
        0.0
      ],
      [
        -0.0010250749122007086,
        0.0,
        0.0
      ],
      [
        -0.03185033808223769,
        0.0,
        0.0
      ],
      [
        1.698195062810325e-18,
        0.0,
        0.0
      ],
      [
        -5.684935668689439e-17,
        0.0,
        0.0
      ]
    ],
    "Bu": [
      [
        0.0005384389241493869
      ],
      [
        -0.00715153845136455
      ],
      [
        -0.28313419631430997
      ],
      [
        -0.00028902104614478974
      ],
      [
        -0.008985628646191285
      ],
      [
        0.09832741441851486
      ],
      [
        3.449043058941786
      ]
    ],
    "Cz": [
      [
        0.9999999937611647,
        -6.295253272977772e-11,
        -9.034510936015394e-12,
        -6.215620924163894e-10,
        -2.0605460953852428e-11,
        2.716852558159412e-11,
        6.015513878721882e-11
      ],
      [
        -6.295271914149984e-11,
        0.999999998882509,
        4.998034557300462e-13,
        5.674481705561154e-09,
        -6.492464944126551e-13,
        7.084897223030648e-11,
        1.8606149494199788e-11
      ],
      [
        -9.034538636003144e-12,
        4.99814781003581e-13,
        0.9999999999605224,
        3.964644602041973e-10,
        5.649689019182584e-13,
        1.1237815033723089e-12,
        -2.6740260417386255e-12
      ],
      [
        -6.215620110261117e-10,
        5.674485575353209e-09,
        3.9646691440625657e-10,
        0.999989930620647,
        -9.135989237088102e-09,
        1.8157773588267727e-09,
        6.129275985734794e-10
      ],
      [
        -2.060545946443059e-11,
        -6.492468130949547e-13,
        5.649793232503642e-13,
        -9.135989306261942e-09,
        0.9999999891119342,
        -1.0166411619660748e-10,
        -2.2944781409593157e-11
      ],
      [
        2.7168507824500896e-11,
        7.084924237710622e-11,
        1.1228682631006495e-12,
        1.8157779177010388e-09,
        -1.0166414692769971e-10,
        0.9999999874700191,
        -1.9721741536515312e-09
      ],
      [
        6.015510079927481e-11,
        1.8606144942197315e-11,
        -2.6742857833334827e-12,
        6.129243768984283e-10,
        -2.2944840255577008e-11,
        -1.972171629298539e-09,
        0.9999999992508357
      ],
      [
        -3.955928795368202e-10,
        -2.1169836251079664e-10,
        2.5847191632041727e-11,
        -3.6471596193703824e-09,
        1.2081337109066278e-10,
        1.3582088437832302e-08,
        4.0002462295621225e-09
      ]
    ],
    "Dzw": [
      [
        -3.903127820947816e-17,
        0.0,
        0.0
      ],
      [
        5.551115123125783e-17,
        0.0,
        0.0
      ],
      [
        -2.0816681711721685e-17,
        0.0,
        0.0
      ],
      [
        -6.750914931241692e-14,
        0.0,
        0.0
      ],
      [
        -6.505213034913027e-17,
        0.0,
        0.0
      ],
      [
        -8.673617379884035e-18,
        0.0,
        0.0
      ],
      [
        3.469446951953614e-17,
        0.0,
        0.0
      ],
      [
        -1.0408340855860843e-17,
        0.0,
        0.0
      ]
    ],
    "Dzu": [
      [
        -3.9559283036799846e-10
      ],
      [
        -2.116980624359889e-10
      ],
      [
        2.5845153443119165e-11
      ],
      [
        -3.6471600879065376e-09
      ],
      [
        1.208133728163955e-10
      ],
      [
        1.3582090055556305e-08
      ],
      [
        4.000241645870549e-09
      ],
      [
        0.9999999726951784
      ]
    ],
    "Cy": [
      [
        0.9999999937668972,
        -5.988543074363104e-11,
        -9.408983989890594e-12,
        -5.687221594221047e-10,
        -2.235579789703553e-11,
        -1.6960907873728766e-10,
        2.1994819617695932e-12
      ],
      [
        -9.408946651760071e-12,
        2.9939655456857173e-13,
        0.9999999999605467,
        3.930092554053296e-10,
        6.793157536480176e-13,
        1.3979542891042055e-11,
        1.1124198235355534e-12
      ],
      [
        -2.2355806488274902e-11,
        -1.5859285608239714e-12,
        6.793432647734108e-13,
        -9.152126489874947e-09,
        0.999999989112467,
        -4.1568573264684925e-11,
        -5.2452242621783715e-12
      ]
    ],
    "Dyw": [
      [
        -5.213967932250667e-17,
        0.0,
        0.0001
      ],
      [
        4.7255273520680025e-18,
        0.0,
        0.0
      ],
      [
        -6.017888193578962e-17,
        0.0,
        0.0
      ]
    ]
  },
  "plant_dims": {
    "nx": 7,
    "nu": 1,
    "nw": 3,
    "ny": 3,
    "nz": 8
  },
  "initial_conds": {
    "X": [
      [
        0.07
      ],
      [
        0.0
      ],
      [
        0.0
      ],
      [
        0.0
      ],
      [
        0.0
      ],
      [
        0.0
      ],
      [
        0.0
      ]
    ],
    "Xc": [
      [
        0.0
      ],
      [
        0.0
      ],
      [
        0.0
      ],
      [
        0.0
      ],
      [
        0.0
      ],
      [
        0.0
      ],
      [
        0.0
      ]
    ]
  },
  "composite_closed_loop": {
    "Acl": [
      [
        1.00005320208473,
        0.002189740952540856,
        0.00011029581365771773,
        0.021592609311305702,
        0.00018606787510621554,
        -0.0009925495069539637,
        -0.00015990352396098867,
        -1.1408540152400389e-06,
        7.49616538769448e-09,
        5.6191625245410546e-08,
        1.4234224203889618e-06,
        -7.553777001670435e-08,
        1.1758375008117025e-07,
        -6.287345730444971e-08
      ],
      [
        -0.0024644963922344043,
        0.9648301527189997,
        0.04900787244541299,
        0.13891807872874545,
        0.0008721761573390574,
        0.0011811763545869333,
        0.000785511583637354,
        1.515280748001633e-05,
        -9.956396650293351e-08,
        -7.463364005900279e-07,
        -1.8905877185657853e-05,
        1.0032916317448749e-06,
        -1.5617457658537037e-06,
        8.350844029215257e-07
      ],
      [
        -0.09719794414901861,
        -1.3915194718343153,
        0.943841176806845,
        5.4822966024873825,
        0.034407283285917904,
        0.0475088885771672,
        0.030694382732305233,
        0.0005999097952051536,
        -3.941804106820425e-06,
        -2.9547957883223404e-05,
        -0.0007484963380930889,
        3.972098755460883e-05,
        -6.183056069255896e-05,
        3.306155072559072e-05
      ],
      [
        -0.00010373644813192921,
        0.0005308260909771913,
        2.312675767833533e-05,
        0.026085924951201787,
        0.030911988844140297,
        8.683909251794694e-05,
        3.2347905112701165e-05,
        6.1238295783326e-07,
        -4.023761034454346e-09,
        -3.016231105256922e-08,
        -7.640588720376873e-07,
        4.054685561256944e-08,
        -6.311612503084678e-08,
        3.3748957569475745e-08
      ],
      [
        -0.00322322462419059,
        0.016514498858268986,
        0.0007230577004003752,
        -30.260369766688466,
        -0.017212616538887636,
        0.0027094325403091966,
        0.0010015379533622453,
        1.9038910562898082e-05,
        -1.2509823384456337e-07,
        -9.377425272120927e-07,
        -2.3754496011750773e-05,
        1.2605967356535149e-06,
        -1.9622725357849914e-06,
        1.0492509246660698e-06
      ],
      [
        -0.0033426678122043204,
        -5.810960478855697e-07,
        0.0029945953631588876,
        -2.6698057678705223e-08,
        -0.0002832422578799282,
        0.9018233833042485,
        0.034497969109820247,
        -0.00020833788293583882,
        1.3689176758347876e-06,
        1.0261474374431435e-05,
        0.00025993931706051656,
        -1.3794384624805196e-05,
        2.147264175111266e-05,
        -1.1481681979188068e-05
      ],
      [
        -0.11725391298171038,
        4.628311571044095e-07,
        0.10505573221253495,
        3.5207825630029545e-08,
        -0.009934921650667455,
        -3.449050127901686,
        0.4188078242256227,
        -0.007307894073122058,
        4.8017697160270856e-05,
        0.00035994302479062695,
        0.009117924055621519,
        -0.00048386736114154264,
        0.0007531985502394473,
        -0.00040274440011959514
      ],
      [
        2.423078706309888,
        -1.451763915341148e-10,
        0.09189058131413613,
        -1.9005052250171216e-09,
        0.061030680150322314,
        -4.1222851965315356e-10,
        5.111619235949499e-12,
        0.9957736548616289,
        0.004085896033582573,
        -0.009008533394093134,
        0.026122305855029216,
        -0.024615997600677706,
        -0.03840520914756111,
        -0.02613733026824051
      ],
      [
        15.121227238168354,
        -9.231246291433477e-10,
        -25.089175535415688,
        -7.658274051922838e-08,
        6.3507300395893775,
        -3.179423432546991e-09,
        -2.796183311617436e-11,
        -0.011427781447139133,
        0.8281659898346203,
        -0.01756948798757288,
        0.04757422261118503,
        0.010656298757099423,
        -0.021442991509507927,
        0.01489258892630922
      ],
      [
        105.27961314505599,
        -6.302615104823121e-09,
        3.0568141367162758,
        -5.183669336390163e-08,
        -0.74701760806304,
        -1.7782592985892855e-08,
        2.3887934705419555e-10,
        0.0004361617482199954,
        -0.02704145879302366,
        0.6464259048243056,
        -0.004013387104926579,
        -0.01366235428591186,
        0.002451068794126262,
        -0.015712727097934063
      ],
      [
        5.312538891221223,
        -3.1641512346601633e-10,
        -1.8229188860788617,
        9.387015624883361e-09,
        -1.4340708796725143,
        -8.669261243867269e-10,
        1.7179005882578837e-11,
        -0.011207595846632057,
        -0.010503296947119293,
        -0.015871838797096083,
        -0.018465823572517796,
        -0.013563323163950602,
        -0.02447486702665791,
        -0.019531523279693243
      ],
      [
        -0.4720582826860902,
        1.6686532727047212e-10,
        11.250471693728324,
        7.850654773062261e-07,
        -85.2671190854851,
        3.781774348199474e-09,
        4.5872213071140957e-10,
        -0.0047382775937904265,
        -0.02073420355337066,
        0.008266766513501299,
        -0.023670079936858015,
        -0.17907356365751745,
        -6.956593778198608,
        0.3838674369068143
      ],
      [
        -6.345666522306833,
        3.6795427243746345e-10,
        2.6352943406358578,
        -6.949730138004571e-08,
        8.101059017560619,
        7.763734008087445e-10,
        -5.351749724247122e-11,
        0.001815620112191864,
        0.027787616576481867,
        0.01607654806364923,
        -0.0035062377929080983,
        0.08912775451584361,
        0.45520942061861314,
        -0.022341929876976137
      ],
      [
        -36.29567816548102,
        2.0354784991136963e-09,
        19.160340603557227,
        -8.019062206572603e-07,
        90.69788975611789,
        2.653747460775424e-09,
        -5.342481242468091e-10,
        0.015994169097693182,
        0.21867574960651937,
        0.07914492713459945,
        -0.019664118816600972,
        0.5112750253389577,
        5.794986140033317,
        0.11588751901027321
      ]
    ],
    "Bcl": [
      [
        -0.004031310126993264,
        0.0001,
        -1.8304808249506853e-09
      ],
      [
        -0.02531851485633152,
        0.0,
        2.431242136664022e-08
      ],
      [
        -0.9991632632005647,
        0.0,
        9.625450427082716e-07
      ],
      [
        -0.0010250749122007086,
        0.0,
        9.825580195766893e-10
      ],
      [
        -0.03185033808223769,
        0.0,
        3.054760753592421e-08
      ],
      [
        1.903682199494953e-18,
        0.0,
        -3.342745826639657e-07
      ],
      [
        -4.964145859789017e-17,
        0.0,
        -1.172539149875906e-05
      ],
      [
        -1.2957707419073778e-16,
        0.0,
        0.00024230787214154159
      ],
      [
        -1.2891553667485773e-15,
        0.0,
        0.0015121227332326433
      ],
      [
        -5.429845559190428e-15,
        0.0,
        0.010527961380128672
      ],
      [
        -1.993075458697054e-16,
        0.0,
        0.0005312538924285614
      ],
      [
        5.2090573277611985e-15,
        0.0,
        -4.720582874288382e-05
      ],
      [
        -1.4419850437200246e-16,
        0.0,
        -0.0006345666561654124
      ],
      [
        -3.4751099132137974e-15,
        0.0,
        -0.0036295678389507815
      ]
    ],
    "Ccl": [
      [
        0.9999999937746132,
        -6.295253273058851e-11,
        -2.1084035685260817e-11,
        -6.215620924392024e-10,
        -1.9465961332838896e-11,
        2.71685255790973e-11,
        6.015513878722902e-11,
        8.381891588511682e-13,
        -5.5074571128181325e-15,
        -4.1284169989988537e-14,
        -1.0457930859669955e-12,
        5.549784553150981e-14,
        -8.638916395833986e-14,
        4.619333375532131e-14
      ],
      [
        -5.5755816685615615e-11,
        0.999999998882509,
        -5.948394911052344e-12,
        5.674481705548946e-09,
        -3.945318321764247e-14,
        7.084897222897032e-11,
        1.8606149494205246e-11,
        4.485496380674494e-13,
        -2.947267771886346e-15,
        -2.209286449410226e-14,
        -5.596470739932704e-13,
        2.96991893343041e-14,
        -4.6230409707963596e-14,
        2.4719960784839244e-14
      ],
      [
        -9.913172319028615e-12,
        4.998147810565521e-13,
        0.9999999999613096,
        3.964644602056877e-10,
        4.905222985102173e-13,
        1.1237815035354329e-12,
        -2.674026041739292e-12,
        -5.476117300891272e-14,
        3.5981712315102006e-16,
        2.6972068911625653e-15,
        6.832450110743109e-14,
        -3.625824897256349e-15,
        5.644038584443191e-15,
        -3.017935885857435e-15
      ],
      [
        -4.975728960969461e-10,
        5.674485575345734e-09,
        2.8537656501137787e-10,
        0.999989930620647,
        -9.125483643409675e-09,
        1.8157773588037533e-09,
        6.129275985735734e-10,
        7.727667974756175e-12,
        -5.077588931286195e-14,
        -3.806185691226203e-13,
        -9.641668176340095e-12,
        5.116612629178193e-13,
        -7.964631475332197e-13,
        4.2587850503516733e-13
      ],
      [
        -2.4712639518517666e-11,
        -6.492468128473408e-13,
        4.244883543043156e-12,
        -9.135989306254976e-09,
        0.9999999891115862,
        -1.0166411619584496e-10,
        -2.2944781409596272e-11,
        -2.5598153344878956e-13,
        1.6819679689903493e-15,
        1.2608114802728262e-14,
        3.1938341720249775e-13,
        -1.6948946967688563e-14,
        2.6383102704077546e-14,
        -1.41073650081634e-14
      ],
      [
        -4.3456919611140666e-10,
        7.084924240494349e-11,
        4.1482533632518347e-10,
        1.815777918484287e-09,
        -1.4078716757618032e-10,
        0.9999999874700191,
        -1.9721741536518815e-09,
        -2.877797514307149e-11,
        1.8909032909879847e-13,
        1.4174304275214167e-12,
        3.5905746471362004e-11,
        -1.9054357865816777e-12,
        2.966043150010812e-12,
        -1.5859792465083483e-12
      ],
      [
        -7.583740000125165e-11,
        1.860614495039604e-11,
        1.1917072002741555e-10,
        6.129243771291132e-10,
        -3.446748042878674e-11,
        -1.972171629273291e-09,
        0.9999999992508357,
        -8.475783489894326e-12,
        5.569150301598409e-14,
        4.17466251740519e-13,
        1.0575078045668932e-11,
        -5.611951883574769e-13,
        8.735687426301893e-13,
        -4.671078019228487e-13
      ],
      [
        -0.03399607091489778,
        -2.0964880548392707e-10,
        0.030459410549102336,
        -3.589491898298933e-09,
        -0.0028804858294493906,
        1.3588400026398127e-08,
        4.000220448264821e-09,
        -0.0021188178137223597,
        1.3922034323308415e-05,
        0.00010436025552921984,
        0.0026436097348856336,
        -0.000140290318114523,
        0.00021837898709927583,
        -0.0001167698930515233
      ]
    ],
    "Dcl": [
      [
        -3.903127821030488e-17,
        0.0,
        1.34486022090722e-15
      ],
      [
        5.551115123081542e-17,
        0.0,
        7.196902500696222e-16
      ],
      [
        -2.0816681711667673e-17,
        0.0,
        -8.786336884963424e-17
      ],
      [
        -6.750914931242454e-14,
        0.0,
        1.2398911570119211e-14
      ],
      [
        -6.505213034887778e-17,
        0.0,
        -4.1071800796607057e-16
      ],
      [
        -8.673617351499837e-18,
        0.0,
        -4.617377068109483e-14
      ],
      [
        3.469446952789595e-17,
        0.0,
        -1.3599250164729288e-14
      ],
      [
        -8.318515426309571e-18,
        0.0,
        -3.3996070730983708e-06
      ]
    ]
  },
  "Acl_eigenvals": {
    "cartesian": [
      {
        "re": 0.004295331921860185,
        "im": 0.9669483085425961,
        "abs": 0.9669578487554183
      },
      {
        "re": 0.004295331921860185,
        "im": -0.9669483085425961,
        "abs": 0.9669578487554183
      },
      {
        "re": -0.02150807033548638,
        "im": 0.7227677989235115,
        "abs": 0.7230877458858598
      },
      {
        "re": -0.02150807033548638,
        "im": -0.7227677989235115,
        "abs": 0.7230877458858598
      },
      {
        "re": -0.020594924222739466,
        "im": 0.0,
        "abs": 0.020594924222739466
      },
      {
        "re": 0.4207251206887486,
        "im": 0.0,
        "abs": 0.4207251206887486
      },
      {
        "re": 0.6635873147411524,
        "im": 0.24757138783845933,
        "abs": 0.7082652867122842
      },
      {
        "re": 0.6635873147411524,
        "im": -0.24757138783845933,
        "abs": 0.7082652867122842
      },
      {
        "re": 0.6381649227700548,
        "im": 0.0,
        "abs": 0.6381649227700548
      },
      {
        "re": 0.9579836128078214,
        "im": 0.2624661289150418,
        "abs": 0.9932880102145466
      },
      {
        "re": 0.9579836128078214,
        "im": -0.2624661289150418,
        "abs": 0.9932880102145466
      },
      {
        "re": 0.9999022974369736,
        "im": 0.0,
        "abs": 0.9999022974369736
      },
      {
        "re": 0.9952776976361456,
        "im": 0.0,
        "abs": 0.9952776976361456
      },
      {
        "re": 0.8399606568922822,
        "im": 0.0,
        "abs": 0.8399606568922822
      }
    ],
    "polar": [
      {
        "abs": 0.9669578487554183,
        "ang_rad": 1.5663542034348499
      },
      {
        "abs": 0.9669578487554183,
        "ang_rad": -1.5663542034348499
      },
      {
        "abs": 0.7230877458858598,
        "ang_rad": 1.6005454731022557
      },
      {
        "abs": 0.7230877458858598,
        "ang_rad": -1.6005454731022557
      },
      {
        "abs": 0.020594924222739466,
        "ang_rad": 3.141592653589793
      },
      {
        "abs": 0.4207251206887486,
        "ang_rad": 0.0
      },
      {
        "abs": 0.7082652867122842,
        "ang_rad": 0.3570866284742992
      },
      {
        "abs": 0.7082652867122842,
        "ang_rad": -0.3570866284742992
      },
      {
        "abs": 0.6381649227700548,
        "ang_rad": 0.0
      },
      {
        "abs": 0.9932880102145466,
        "ang_rad": 0.26741552110775063
      },
      {
        "abs": 0.9932880102145466,
        "ang_rad": -0.26741552110775063
      },
      {
        "abs": 0.9999022974369736,
        "ang_rad": 0.0
      },
      {
        "abs": 0.9952776976361456,
        "ang_rad": 0.0
      },
      {
        "abs": 0.8399606568922822,
        "ang_rad": 0.0
      }
    ]
  },
  "disturbance": {
    "Sigma_nom": [
      [
        1.0,
        0.0,
        0.0
      ],
      [
        0.0,
        1.0,
        0.0
      ],
      [
        0.0,
        0.0,
        1.0
      ]
    ]
  },
  "dro_variables": {
    "Q": [
      [
        2256.863132447702,
        -0.03031993781537325,
        -0.020414222664483315
      ],
      [
        -0.03031993781537325,
        3.315844823499663e-05,
        -1.2101936860724417e-05
      ],
      [
        -0.020414222664483315,
        -1.2101936860724417e-05,
        2.574591465498662e-06
      ]
    ],
    "X": [
      [
        28276.63213379878,
        252.20650854025214,
        -91.53773781223744,
        8.18786109552093,
        4.959911500203145,
        13.456225925634026,
        -3.081727184704625
      ],
      [
        252.20650854025214,
        40879.46032050499,
        3904.7212831865627,
        -349.56786036560857,
        916.6402088469149,
        -418.72182540933846,
        120.08877798746852
      ],
      [
        -91.53773781223744,
        3904.7212831865627,
        510.17364820330005,
        -39.24359471624794,
        97.22509751205142,
        -134.8587911669132,
        -41.112013619583045
      ],
      [
        8.18786109552093,
        -349.56786036560857,
        -39.24359471624794,
        95028.9380942516,
        73.17280722968425,
        5.5817045002532355,
        12.284439663236723
      ],
      [
        4.959911500203145,
        916.6402088469149,
        97.22509751205142,
        73.17280722968425,
        116.82557942508645,
        -25.995273845099533,
        -7.549007065985854
      ],
      [
        13.456225925634026,
        -418.72182540933846,
        -134.8587911669132,
        5.5817045002532355,
        -25.995273845099533,
        66999.80395376896,
        1204.7578239802754
      ],
      [
        -3.081727184704625,
        120.08877798746852,
        -41.112013619583045,
        12.284439663236723,
        -7.549007065985854,
        1204.7578239802754,
        1072.1137027677153
      ]
    ],
    "Y": [
      [
        0.31798561279815457,
        -0.006676060255214058,
        0.003960881335156063,
        9.52109712254903e-05,
        4.832510682162931e-05,
        -0.001051597157759412,
        0.00028696705158081964
      ],
      [
        -0.006676060255214058,
        0.23263430710565236,
        0.04933687851702996,
        0.0019100003509592769,
        0.000673078950557453,
        -0.013727671552186304,
        0.0034302831905096715
      ],
      [
        0.003960881335156063,
        0.04933687851702996,
        0.33837216091984595,
        -0.001649521129920584,
        0.0026731567142889703,
        0.00844399067281452,
        -1.2703139733406898e-05
      ],
      [
        9.52109712254903e-05,
        0.0019100003509592769,
        -0.001649521129920584,
        0.0005211385970830433,
        -0.0002697269091087463,
        0.00023307198170119574,
        -0.00010850328051960761
      ],
      [
        4.832510682162931e-05,
        0.000673078950557453,
        0.0026731567142889703,
        -0.0002697269091087463,
        0.36229620476138996,
        5.095043092692429e-05,
        0.0005760643135462425
      ],
      [
        -0.001051597157759412,
        -0.013727671552186304,
        0.00844399067281452,
        0.00023307198170119574,
        5.095043092692429e-05,
        0.3209225044546023,
        -0.004507677936489293
      ],
      [
        0.00028696705158081964,
        0.0034302831905096715,
        -1.2703139733406898e-05,
        -0.00010850328051960761,
        0.0005760643135462425,
        -0.004507677936489293,
        0.35541380066883654
      ]
    ],
    "K": [
      [
        0.4070358232067158,
        -0.22669668490214306,
        0.3636498772041197,
        0.07604550025841778,
        0.0040181605210948415,
        -0.03316009351666125,
        0.0246452382522922
      ],
      [
        0.055074142946099636,
        0.8031660600494105,
        -0.41092982023310914,
        -0.015167199390452175,
        -0.23294421626240303,
        0.07653221350691987,
        -0.07511042294665658
      ],
      [
        -0.031139906147443625,
        -0.46911649281377843,
        0.1839907049786669,
        0.009848000406270025,
        0.1581157571294989,
        -0.047894876973946655,
        0.019360357765117846
      ],
      [
        -0.0012878520753425967,
        0.32650879214089645,
        0.2777765368236279,
        0.0004156058405829226,
        -8.896043879135437,
        0.006149428673852807,
        -0.07729817334976917
      ],
      [
        -0.007115776927011347,
        -0.11725523466803217,
        0.11176235761809865,
        -0.05890422927463306,
        0.015292954474724877,
        -0.01385137846151103,
        0.00812856916415574
      ],
      [
        0.03423266472824168,
        0.6600482145300343,
        -1.1465979278101532,
        -0.23175173600287335,
        -0.22526018235538273,
        0.12457234439730494,
        -0.7639620115763363
      ],
      [
        0.004230219581399004,
        0.08110180512093733,
        -0.18338404255854257,
        -0.03961175842399754,
        0.14100471168615875,
        -0.11367813382291761,
        -0.21359977617783807
      ]
    ],
    "L": [
      [
        -10080.940627037786,
        -18.952601422859235,
        3.7562755947429842
      ],
      [
        469.2762983163341,
        -2568.2208757755284,
        653.6776192799962
      ],
      [
        193.20023386247678,
        -339.73529214328374,
        29.494186672885565
      ],
      [
        1.4358111146312398,
        146.0795356967636,
        -1286.2720181236814
      ],
      [
        38.699540390527105,
        -71.84666657987462,
        7.899598746470155
      ],
      [
        -5.98617353495131,
        181.05860190551928,
        20.29707239352769
      ],
      [
        -12.543338135469508,
        63.86118965940169,
        -23.694720169622272
      ]
    ],
    "M": [
      [
        -0.0017060884894242114,
        -0.02159798013130637,
        0.015367152231006532,
        0.0002005336705095315,
        0.00038563578952585155,
        0.3108514508605112,
        -0.0493642816335807
      ]
    ],
    "N": [
      [
        -0.03399607165924038,
        0.03045941135582775,
        -0.002880486061056007
      ]
    ],
    "Pbar": [
      [
        0.31798561279815457,
        -0.006676060255214058,
        0.003960881335156063,
        9.52109712254903e-05,
        4.832510682162931e-05,
        -0.001051597157759412,
        0.00028696705158081964,
        1.0,
        0.0,
        0.0,
        0.0,
        0.0,
        0.0,
        0.0
      ],
      [
        -0.006676060255214058,
        0.23263430710565236,
        0.04933687851702996,
        0.0019100003509592769,
        0.000673078950557453,
        -0.013727671552186304,
        0.0034302831905096715,
        0.0,
        1.0,
        0.0,
        0.0,
        0.0,
        0.0,
        0.0
      ],
      [
        0.003960881335156063,
        0.04933687851702996,
        0.33837216091984595,
        -0.001649521129920584,
        0.0026731567142889703,
        0.00844399067281452,
        -1.2703139733406898e-05,
        0.0,
        0.0,
        1.0,
        0.0,
        0.0,
        0.0,
        0.0
      ],
      [
        9.52109712254903e-05,
        0.0019100003509592769,
        -0.001649521129920584,
        0.0005211385970830433,
        -0.0002697269091087463,
        0.00023307198170119574,
        -0.00010850328051960761,
        0.0,
        0.0,
        0.0,
        1.0,
        0.0,
        0.0,
        0.0
      ],
      [
        4.832510682162931e-05,
        0.000673078950557453,
        0.0026731567142889703,
        -0.0002697269091087463,
        0.36229620476138996,
        5.095043092692429e-05,
        0.0005760643135462425,
        0.0,
        0.0,
        0.0,
        0.0,
        1.0,
        0.0,
        0.0
      ],
      [
        -0.001051597157759412,
        -0.013727671552186304,
        0.00844399067281452,
        0.00023307198170119574,
        5.095043092692429e-05,
        0.3209225044546023,
        -0.004507677936489293,
        0.0,
        0.0,
        0.0,
        0.0,
        0.0,
        1.0,
        0.0
      ],
      [
        0.00028696705158081964,
        0.0034302831905096715,
        -1.2703139733406898e-05,
        -0.00010850328051960761,
        0.0005760643135462425,
        -0.004507677936489293,
        0.35541380066883654,
        0.0,
        0.0,
        0.0,
        0.0,
        0.0,
        0.0,
        1.0
      ],
      [
        1.0,
        0.0,
        0.0,
        0.0,
        0.0,
        0.0,
        0.0,
        28276.63213379878,
        252.20650854025214,
        -91.53773781223744,
        8.18786109552093,
        4.959911500203145,
        13.456225925634026,
        -3.081727184704625
      ],
      [
        0.0,
        1.0,
        0.0,
        0.0,
        0.0,
        0.0,
        0.0,
        252.20650854025214,
        40879.46032050499,
        3904.7212831865627,
        -349.56786036560857,
        916.6402088469149,
        -418.72182540933846,
        120.08877798746852
      ],
      [
        0.0,
        0.0,
        1.0,
        0.0,
        0.0,
        0.0,
        0.0,
        -91.53773781223744,
        3904.7212831865627,
        510.17364820330005,
        -39.24359471624794,
        97.22509751205142,
        -134.8587911669132,
        -41.112013619583045
      ],
      [
        0.0,
        0.0,
        0.0,
        1.0,
        0.0,
        0.0,
        0.0,
        8.18786109552093,
        -349.56786036560857,
        -39.24359471624794,
        95028.9380942516,
        73.17280722968425,
        5.5817045002532355,
        12.284439663236723
      ],
      [
        0.0,
        0.0,
        0.0,
        0.0,
        1.0,
        0.0,
        0.0,
        4.959911500203145,
        916.6402088469149,
        97.22509751205142,
        73.17280722968425,
        116.82557942508645,
        -25.995273845099533,
        -7.549007065985854
      ],
      [
        0.0,
        0.0,
        0.0,
        0.0,
        0.0,
        1.0,
        0.0,
        13.456225925634026,
        -418.72182540933846,
        -134.8587911669132,
        5.5817045002532355,
        -25.995273845099533,
        66999.80395376896,
        1204.7578239802754
      ],
      [
        0.0,
        0.0,
        0.0,
        0.0,
        0.0,
        0.0,
        1.0,
        -3.081727184704625,
        120.08877798746852,
        -41.112013619583045,
        12.284439663236723,
        -7.549007065985854,
        1204.7578239802754,
        1072.1137027677153
      ]
    ],
    "Abar": [
      [
        0.31797211874311826,
        -0.006119641762478273,
        0.004065605670274512,
        0.00011033360874942537,
        0.00011226510944410764,
        -0.0012232468813565625,
        0.00021283380754443692,
        0.999977018558064,
        0.0021885806197517546,
        0.00011078133397709195,
        0.021592625693582595,
        0.00018603324268574783,
        -0.0009925244597523207,
        -0.00015988219273968126
      ],
      [
        -0.007082031840274271,
        0.22728419047865114,
        0.06391106545701211,
        0.0018321433387309303,
        0.0010494324312482406,
        -0.014640447594702854,
        0.003920134395947118,
        -0.002463686674297745,
        0.9647389165041189,
        0.04899244520705986,
        0.13891983729919097,
        0.0008718075573569433,
        0.001182666609035481,
        0.0007850056216871619
      ],
      [
        -0.019940152744622845,
        -0.2599503112923364,
        0.24030681066324117,
        -0.001440157908752704,
        0.012206642312345762,
        -0.0443676442635953,
        0.019280200872431534,
        -0.09719751446961065,
        -1.3915276742193032,
        0.943839350201709,
        5.482295544870796,
        0.03440723694847109,
        0.04750875608263148,
        0.030694390867738144
      ],
      [
        -3.514611022298096e-05,
        0.00020175497566542197,
        7.249473189167265e-05,
        6.169096140904735e-06,
        0.011189457547272685,
        -6.131253338688942e-05,
        4.212263878392739e-05,
        -0.00010374596657025372,
        0.0005314453398231167,
        2.3267823565050662e-05,
        0.026085921861733096,
        0.030904120483649492,
        8.692267006079223e-05,
        3.23291254433116e-05
      ],
      [
        -0.0040975436920302226,
        -0.053734504318028196,
        0.050891653408359175,
        -0.015736912729734202,
        0.0019274437787755608,
        -0.00919648829488616,
        0.00411635407808788,
        -0.0032232007787826897,
        0.01651248477623051,
        0.0007226867077247452,
        -30.260362061396314,
        -0.017212627927432132,
        0.0027094094267799385,
        0.0010015385856082856
      ],
      [
        -0.0011060540204149943,
        -0.014383227113043559,
        0.009124289487672018,
        0.00022613024773990688,
        0.00010372787189741603,
        0.3197767713847661,
        0.0033400608088717436,
        -0.0033427476736864626,
        4.3910313611027216e-11,
        0.002994996829204217,
        1.3054311767739276e-09,
        -0.0002832309812910107,
        0.9016725306705294,
        0.03449043067625706
      ],
      [
        -0.002137185519468903,
        -0.02570840787939324,
        0.023872961817338893,
        -0.00015766794082463522,
        0.0013956039786865838,
        -0.03662335854270693,
        -0.005862743779584567,
        -0.1172539160444917,
        -9.596575396588237e-10,
        0.10505582171460516,
        -1.838631429767808e-08,
        -0.009934919616678776,
        -3.449043119444495,
        0.41880651176739525
      ],
      [
        0.4070358232067158,
        -0.22669668490214306,
        0.3636498772041197,
        0.07604550025841778,
        0.0040181605210948415,
        -0.03316009351666125,
        0.0246452382522922,
        18204.645760403997,
        432.6626707363875,
        -91.06207038567584,
        -6.108835643091926,
        6.3686100693337995,
        -9.339545797077724,
        -7.953945683440734
      ],
      [
        0.055074142946099636,
        0.8031660600494105,
        -0.41092982023310914,
        -0.015167199390452175,
        -0.23294421626240303,
        0.07653221350691987,
        -0.07511042294665658,
        190.5174311097992,
        34019.98073660876,
        3163.5011464262834,
        -655.7335374706905,
