{
  "prob": "DDD",
  "meta": {
    "model": "independent",
    "disturbance_type": "2W_independent",
    "gamma": 0.5,
    "objective": 122.23554298215018,
    "spectral_radius_Acl": 0.9998732232371367,
    "Z_cost": 4.376519397780753,
    "lambda_opt": 7.706227239820838,
    "trace_Q_Sigma": -2.6464687648051015,
    "real_Z_mats": false,
    "N_sims": 1,
    "SNR": 1.251964764856217
  },
  "solver_performance": {
    "solver": "SCS",
    "status": "optimal_inaccurate",
    "num_violations": 8,
    "tot_constraints:": 17,
    "Time_seconds": 16.03172270000141,
    "attempt": 1,
    "Total_time": 16.03172270000141,
    "stress": 1.1266724317779282
  },
  "problem_params": {
    "Methodology": "Young",
    "FROM_DATA": true,
    "augmented": false,
    "reg_fro": false,
    "non_convex": false,
    "N_sims": 1
  },
  "controller": {
    "Ac": [
      [
        0.9835560762045596,
        -0.008917827397911396,
        -0.0009800947946063455,
        0.015702003526300388,
        0.002798096571331243,
        -0.0003031554468261006,
        0.10500917210758336
      ],
      [
        4.996402359104334e-05,
        0.9949704469074478,
        0.0007699254785500479,
        7.610975228836755e-05,
        -0.003267367341363713,
        -0.07564413009300155,
        -0.007012081126009606
      ],
      [
        0.00020668421112278695,
        0.0022608552311741744,
        0.8736524429963752,
        -0.0012782356197459978,
        -0.0005140241569559483,
        -0.015434990936963822,
        -0.0002718084323610193
      ],
      [
        -0.04033808843881603,
        -0.023126053995005103,
        -0.0014134469562050375,
        0.01217044865190054,
        0.004953335163634161,
        0.03314062058323893,
        0.2107433237219292
      ],
      [
        -0.0001821884035647164,
        -0.07837584233486361,
        -0.004788555465893924,
        0.0022918855308380138,
        0.30951265237706505,
        -17.28346050446662,
        -0.673291719538205
      ],
      [
        -1.8384098177670612e-05,
        0.004722705438282777,
        0.000314947141662764,
        -0.00037882982851090394,
        0.047564157925451545,
        -0.3258910007451219,
        -0.01485711603988458
      ],
      [
        3.887175443898396e-05,
        -0.016973196665223015,
        -0.0009739218558094214,
        0.001301637697614352,
        -0.0048618056832765285,
        0.4318497498380894,
        0.11999888133558546
      ]
    ],
    "Bc": [
      [
        -0.006521708331883655,
        -0.43945418765714844,
        -0.01000595079815981
      ],
      [
        0.051639710969040076,
        -5.854826381606216,
        0.1257305492934248
      ],
      [
        -5.822638315142645,
        -0.10819399130968708,
        0.030373139394487547
      ],
      [
        0.06183481414661606,
        -0.8387717042861208,
        -0.08846312256428462
      ],
      [
        0.04066792356804632,
        0.25239035725068515,
        33.93746762793383
      ],
      [
        -0.0007521136438553825,
        0.4685829381350796,
        0.62878969864439
      ],
      [
        0.01002807913877675,
        -0.7231962046251397,
        -0.870802318272492
      ]
    ],
    "Cc": [
      [
        0.0032417211471896384,
        -0.0002190917252792626,
        1.5821365897038945e-05,
        -0.005039672053369046,
        4.813113246847466e-05,
        -5.017326784528861e-06,
        0.0022001253709453667
      ]
    ],
    "Dc": [
      [
        -0.00024586708640180827,
        -0.009151417699801696,
        -0.00022560097011679889
      ]
    ]
  },
  "plant": {
    "A": [
      [
        0.999873797219034,
        1.633629166770144e-05,
        7.572514253175802e-07,
        4.7793549216005324e-05,
        4.135666897370564e-06,
        -0.0012289039679263514,
        -2.8287834354532125e-05
      ],
      [
        -0.0008562011508395789,
        0.9521950966223678,
        0.04847959275654642,
        0.007423378326981821,
        0.0005830667145341712,
        -0.004246183342482011,
        -0.0005121507628268029
      ],
      [
        -0.03378292944149578,
        -1.8875702377452357,
        0.9235977732237305,
        0.2929474353408706,
        0.023010408944805293,
        -0.1667321350778164,
        -0.02049594936694153
      ],
      [
        -3.863550799592767e-05,
        2.2506191042192067e-05,
        2.237614580218118e-06,
        0.020762044656594397,
        0.030898995523291155,
        -0.00013286606741403343,
        -2.0189659763614495e-05
      ],
      [
        -0.0012004056182942408,
        0.0007003343787111555,
        7.622238578511863e-05,
        -30.425834813797874,
        -0.01757589872286397,
        -0.004119912290217135,
        -0.0006302569773899447
      ],
      [
        3.60013108878694e-07,
        -1.3966139606765542e-08,
        -4.2566661212469455e-10,
        2.2274226891823905e-08,
        -9.68506628111351e-11,
        0.9018227989211398,
        0.034498306669750976
      ],
      [
        4.779375130972088e-09,
        9.478388428457086e-10,
        4.6555288377636383e-11,
        6.2502657358528425e-09,
        6.406855837919405e-10,
        -3.4490483238825944,
        0.4188077000487169
      ]
    ],
    "Bw": [
      [
        0.00019036965062655184,
        0.0001,
        0.0
      ],
      [
        0.025318800714563383,
        0.0,
        0.0
      ],
      [
        0.9991713549400009,
        0.0,
        0.0
      ],
      [
        0.0010250914901480583,
        0.0,
        0.0
      ],
      [
        0.03185082015540332,
        0.0,
        0.0
      ],
      [
        -4.049716437566127e-18,
        0.0,
        0.0
      ],
      [
        2.516131090373518e-17,
        0.0,
        0.0
      ]
    ],
    "Bu": [
      [
        -1.2328460186882105e-05
      ],
      [
        0.004135660079737663
      ],
      [
        0.1623707694303876
      ],
      [
        0.0001681432615269771
      ],
      [
        0.005215691994700213
      ],
      [
        0.09832746919925546
      ],
      [
        3.4490430693822867
      ]
    ],
    "Cz": [
      [
        0.9999999714354735,
        -2.1133961429684014e-11,
        2.1222848972102044e-13,
        1.0272644917054642e-09,
        -6.076358596761291e-11,
        -8.512318214968344e-12,
        2.9138211747782535e-11
      ],
      [
        -2.1133907385777294e-11,
        0.9999999982958658,
        3.2214256500363286e-13,
        1.061577851447498e-10,
        -1.2885321127171796e-11,
        2.3195132097988218e-10,
        2.1437381132724612e-11
      ],
      [
        2.1236118081562354e-13,
        3.2213284045382727e-13,
        0.9999999999561968,
        5.57793131075967e-10,
        -9.047833211463417e-14,
        1.5782572999843018e-11,
        6.6239865081496624e-12
      ],
      [
        1.0272645893195662e-09,
        1.061577107264695e-10,
        5.577896624688731e-10,
        0.9999915199568865,
        -5.873725157976303e-09,
        -6.279437578346181e-10,
        -1.74214783674079e-11
      ],
      [
        -6.0763588240945e-11,
        -1.2885320537729815e-11,
        -9.055433138564793e-14,
        -5.873725241572188e-09,
        0.9999999909729227,
        -8.99466718869836e-11,
        -2.0847222916767698e-11
      ],
      [
        -8.512316839322696e-12,
        2.3195100829741822e-10,
        1.5782527016790223e-11,
        -6.279436236029809e-10,
        -8.99466667191306e-11,
        0.9999999874378575,
        -1.9759918704885202e-09
      ],
      [
        2.913800836476156e-11,
        2.1437373224071836e-11,
        6.623895086479392e-12,
        -1.742072917033591e-11,
        -2.0847258877391682e-11,
        -1.9759859270179417e-09,
        0.9999999992506413
      ],
      [
        -6.290859554890076e-11,
        -2.320202391810498e-10,
        -8.077809290577204e-12,
        1.1923151173485605e-09,
        1.041889694591304e-10,
        1.3601434643657966e-08,
        3.995125531759034e-09
      ]
    ],
    "Dzw": [
      [
        -1.3010426069826053e-18,
        0.0,
        0.0
      ],
      [
        -1.734723475976807e-17,
        0.0,
        0.0
      ],
      [
        -3.469446951953614e-17,
        0.0,
        0.0
      ],
      [
        -4.46566611814192e-15,
        0.0,
        0.0
      ],
      [
        -1.5178830414797062e-18,
        0.0,
        0.0
      ],
      [
        1.3010426069826053e-18,
        0.0,
        0.0
      ],
      [
        2.42861286636753e-17,
        0.0,
        0.0
      ],
      [
        1.1275702593849246e-17,
        0.0,
        0.0
      ]
    ],
    "Dzu": [
      [
        -6.290859776207097e-11
      ],
      [
        -2.3202079441467606e-10
      ],
      [
        -8.077689351617435e-12
      ],
      [
        1.192315489662659e-09
      ],
      [
        1.0418897184767607e-10
      ],
      [
        1.3601434865767346e-08
      ],
      [
        3.995114812069805e-09
      ],
      [
        0.9999999727452414
      ]
    ],
    "Cy": [
      [
        0.9999999714356198,
        -2.059841629427201e-11,
        2.30873597203407e-13,
        1.0245125115407985e-09,
        -6.100407162246216e-11,
        -3.990673794625149e-11,
        1.9916776538945215e-11
      ],
      [
        2.30998557390081e-13,
        3.9088182579598493e-13,
        0.9999999999562,
        5.574365848164966e-10,
        -1.2130478641603182e-13,
        1.1751399578144412e-11,
        5.4399029930925814e-12
      ],
      [
        -6.100408000267788e-11,
        -1.3772284457206482e-11,
        -1.2143418681017866e-13,
        -5.869166720604618e-09,
        0.9999999909733183,
        -3.7951359047008285e-11,
        -5.574733670914389e-12
      ]
    ],
    "Dyw": [
      [
        1.3873589589114926e-18,
        0.0,
        0.0001
      ],
      [
        -2.3824189850026472e-17,
        0.0,
        0.0
      ],
      [
        -8.232042075904683e-18,
        0.0,
        0.0
      ]
    ]
  },
  "plant_dims": {
    "nx": 7,
    "nu": 1,
    "nw": 3,
    "ny": 3,
    "nz": 8
  },
  "initial_conds": {
    "X": [
      [
        0.07
      ],
      [
        0.0
      ],
      [
        0.0
      ],
      [
        0.0
      ],
      [
        0.0
      ],
      [
        0.0
      ],
      [
        0.0
      ]
    ],
    "Xc": [
      [
        0.0
      ],
      [
        0.0
      ],
      [
        0.0
      ],
      [
        0.0
      ],
      [
        0.0
      ],
      [
        0.0
      ],
      [
        0.0
      ]
    ]
  },
  "composite_closed_loop": {
    "Acl": [
      [
        0.9998738002501966,
        1.633629166770138e-05,
        8.700743140781723e-07,
        4.7793549216054994e-05,
        4.1384482099234666e-06,
        -0.0012289039679263503,
        -2.8287834354531468e-05,
        -3.996543010010124e-08,
        2.7010636123807006e-09,
        -1.950530795637389e-10,
        6.213139626490268e-08,
        -5.933827503871385e-10,
        6.185591350764128e-11,
        -2.7124158041849177e-08
      ],
      [
        -0.0008572179735046392,
        0.9521950966223678,
        0.048441745603694,
        0.0074233783269651585,
        0.0005821337056165977,
        -0.00424618334248238,
        -0.0005121507628270238,
        1.3406656738073568e-05,
        -9.060889020382973e-07,
        6.543179134730682e-08,
        -2.08423705260879e-05,
        1.9905400314243594e-07,
        -2.074995808977454e-08,
        9.09897066703677e-06
      ],
      [
        -0.03382285106835022,
        -1.887570237745235,
        0.9221118504904999,
        0.2929474353402164,
        0.022973777942036457,
        -0.16673213507783088,
        -0.020495949366950202,
        0.0005263607569479404,
        -3.557409200942497e-05,
        2.568927354141908e-06,
        -0.0008182954289823536,
        7.815089012462142e-06,
        -8.146672104876438e-07,
        0.00035723604932371615
      ],
      [
        -3.867684888855457e-05,
        2.250619104219284e-05,
        6.988653606451466e-07,
        0.02076204465659372,
        0.03089895759000858,
        -0.00013286606741404842,
        -2.0189659763623477e-05,
        5.450735666494396e-07,
        -3.683879726202767e-08,
        2.660256063739816e-09,
        -8.473868960798293e-07,
        8.092925594236314e-09,
        -8.436296896973434e-10,
        3.699362556390043e-07
      ],
      [
        -0.0012016879852518561,
        0.0007003343787111794,
        2.8491409750195547e-05,
        -30.425834813797895,
        -0.017577075388027098,
        -0.0041199122902176,
        -0.0006302569773902234,
        1.690781903644739e-05,
        -1.1427149576441082e-06,
        8.251937145440899e-08,
        -2.6285377184671324e-05,
        2.5103716231167883e-07,
        -2.6168831144862142e-08,
        1.1475176284576586e-05
      ],
      [
        -2.381547456470257e-05,
        -1.3966139155010754e-08,
        -0.0008998361676339747,
        2.227383071676046e-08,
        -2.218286908932372e-05,
        0.901822798921131,
        0.034498306669745724,
        0.00031875023625286425,
        -2.1542734869208432e-05,
        1.5556748679312477e-06,
        -0.0004955381986019935,
        4.732612445319227e-06,
        -4.93341044868361e-07,
        0.00021633275964613103
      ],
      [
        -0.0008480013667052943,
        9.478546890963308e-10,
        -0.031563633744585755,
        6.2363690611192916e-09,
        -0.0007781068146623926,
        -3.449048323882902,
        0.4188077000485327,
        0.011180835855584418,
        -0.0007556567966334486,
        5.456857239534344e-05,
        -0.01738204596763211,
        0.0001660063488619133,
        -1.730497617300538e-05,
        0.00758832716243125
      ],
      [
        -0.006521708145086208,
        1.0036700860191339e-13,
        -0.4394541876379007,
        -1.9292281990097655e-10,
        -0.010005950707388118,
        -4.524202218737981e-12,
        -2.4646990474374805e-12,
        0.9835560762045596,
        -0.008917827397911396,
        -0.0009800947946063455,
        0.015702003526300388,
        0.002798096571331243,
        -0.0003031554468261006,
        0.10500917210758336
      ],
      [
        0.0516397094849612,
        -5.083838379446778e-12,
        -5.854826381349778,
        -3.9487224485522705e-09,
        0.12573054815605514,
        -7.563482190359004e-11,
        -3.152210530003959e-11,
        4.996402359104334e-05,
        0.9949704469074478,
        0.0007699254785500479,
        7.610975228836755e-05,
        -0.003267367341363713,
        -0.07564413009300155,
        -0.007012081126009606
      ],
      [
        -5.822638148824468,
        1.194765293658242e-10,
        -0.10819399130629617,
        -6.203942111988224e-09,
        0.030373139475536652,
        2.2993836865582138e-10,
        -1.1672607316983054e-10,
        0.00020668421112278695,
        0.0022608552311741744,
        0.8736524429963752,
        -0.0012782356197459978,
        -0.0005140241569559483,
        -0.015434990936963822,
        -0.0002718084323610193
      ],
      [
        0.06183481238554578,
        -3.8322057054025743e-13,
        -0.8387717042493575,
        1.1499332141910735e-10,
        -0.0884631217694266,
        -8.967071449154895e-12,
        -2.8381281809887298e-12,
        -0.04033808843881603,
        -0.023126053995005103,
        -0.0014134469562050375,
        0.01217044865190054,
        0.004953335163634161,
        0.03314062058323893,
        0.2107433237219292
      ],
      [
        0.0406679203361266,
        -4.68135497944964e-10,
        0.2523903572355187,
        -1.9900229916816547e-07,
        33.9374673215886,
        -1.2866300033248621e-09,
        -1.870093904851664e-10,
        -0.0001821884035647164,
        -0.07837584233486361,
        -0.004788555465893924,
        0.0022918855308380138,
        0.30951265237706505,
        -17.28346050446662,
        -0.673291719538205
      ],
      [
        -0.0007521136606222175,
        -8.461217689159859e-12,
        0.46858293811447915,
        -3.4300368506435925e-09,
        0.6287896929684946,
        -1.8326903874696005e-11,
        -9.712690566604171e-13,
        -1.8384098177670612e-05,
        0.004722705438282777,
        0.000314947141662764,
        -0.00037882982851090394,
        0.047564157925451545,
        -0.3258910007451219,
        -0.01485711603988458
      ],
      [
        0.010028078905286321,
        1.1503690431638584e-11,
        -0.7231962045933557,
        4.718021856716169e-09,
        -0.8708023104125606,
        2.4149375939483586e-11,
        1.1201008175723522e-12,
        3.887175443898396e-05,
        -0.016973196665223015,
        -0.0009739218558094214,
        0.001301637697614352,
        -0.0048618056832765285,
        0.4318497498380894,
        0.11999888133558546
      ]
    ],
    "Bcl": [
      [
        0.00019036965062655184,
        0.0001,
        3.0311625859693963e-13
      ],
      [
        0.025318800714563383,
        0.0,
        -1.0168226941533693e-10
      ],
      [
        0.9991713549400009,
        0.0,
        -3.99216279966692e-09
      ],
      [
        0.0010250914901480583,
        0.0,
        -4.134089380973513e-12
      ],
      [
        0.03185082015540332,
        0.0,
        -1.2823669943061772e-10
      ],
      [
        -4.028129510578998e-18,
        0.0,
        -2.4175488365284483e-09
      ],
      [
        2.5918517831977607e-17,
        0.0,
        -8.480061703433727e-08
      ],
      [
        1.0542961454631301e-17,
        0.0,
        -6.521708331883656e-07
      ],
      [
        1.3852311889796843e-16,
        0.0,
        5.163971096904008e-06
      ],
      [
        -5.750488202893107e-18,
        0.0,
        -0.0005822638315142645
      ],
      [
        2.0797075554236844e-17,
        0.0,
        6.183481414661606e-06
      ],
      [
        -2.8533123624215825e-16,
        0.0,
        4.0667923568046326e-06
      ],
      [
        -1.6340875586351313e-17,
        0.0,
        -7.521136438553825e-08
      ],
      [
        2.4411957547056272e-17,
        0.0,
        1.002807913877675e-06
      ]
    ],
    "Ccl": [
      [
        0.9999999714354889,
        -2.1133961429684302e-11,
        7.879313447253283e-13,
        1.0272644917057177e-09,
        -6.074939372705822e-11,
        -8.512318214962735e-12,
        2.9138211747785895e-11,
        -2.0393213170535221e-13,
        1.3782753218591286e-14,
        -9.9529994326337e-16,
        3.170387020581436e-13,
        -3.0278620522922265e-15,
        3.15632992528791e-16,
        -1.3840680198692926e-13
      ],
      [
        -2.1076861110702118e-11,
        0.9999999982958658,
        2.4454617696391553e-12,
        1.0615778514568464e-10,
        -1.2832977011340807e-11,
        2.3195132097990286e-10,
        2.1437381132737007e-11,
        -7.521467158417949e-13,
        5.083383614897647e-14,
        -3.67088588415624e-15,
        1.1693087134121278e-12,
        -1.11674235914135e-14,
        1.1641241463844185e-15,
        -5.104748363786278e-13
      ],
      [
        2.1434721870454058e-13,
        3.2213284045379016e-13,
        0.9999999999562708,
        5.577931310759996e-10,
        -8.86559975771869e-14,
        1.578257299984374e-11,
        6.623986508150094e-12,
        -2.61856163915668e-14,
        1.769754896315792e-15,
        -1.2780007883455473e-16,
        4.070890528114312e-14,
        -3.88788336221886e-16,
        4.052840714097373e-17,
        -1.777192928110875e-14
      ],
      [
        1.0269714381924387e-09,
        1.0615771072647497e-10,
        5.468782853935044e-10,
        0.9999915199568865,
        -5.873994145505009e-09,
        -6.279437578347244e-10,
        -1.7421478367471597e-11,
        3.865154336961211e-12,
        -2.612264577073808e-13,
        1.8864059626660084e-14,
        -6.0088790520519326e-12,
        5.738749477716767e-14,
        -5.9822364418931035e-15,
        2.6232435589779644e-12
      ],
      [
        -6.078920487915546e-11,
        -1.2885320537729336e-11,
        -1.0440311324348522e-12,
        -5.873725241572607e-09,
        0.9999999909728992,
        -8.994667188699289e-11,
        -2.0847222916773265e-11,
        3.377515933425574e-13,
        -2.282694159717987e-14,
        1.6484118460383728e-15,
        -5.250782496899874e-13,
        5.014733205754674e-15,
        -5.227501191038685e-16,
        2.292288003347847e-13
      ],
      [
        -1.1856461904971011e-11,
        2.319510082974807e-10,
        -1.0868988475104148e-10,
        -6.27943623657783e-10,
        -9.301516359191071e-11,
        0.9999999874378575,
        -1.975991870489247e-09,
        4.409205903648047e-11,
        -2.979961831014483e-12,
        2.1519327773604797e-13,
        -6.854677117872706e-11,
        6.54652463285578e-13,
        -6.824284346003921e-14,
        2.9924861929435626e-11
      ],
      [
        2.8155741154181642e-11,
        2.1437373224090192e-11,
        -2.993706931583489e-11,
        -1.7420729186432785e-11,
        -2.17485606465225e-11,
        -1.975985927018298e-09,
        0.9999999992506413,
        1.2951048171737244e-11,
        -8.752965968651105e-13,
        6.320817324243637e-14,
        -2.0134068468388927e-11,
        1.9228940024649703e-13,
        -2.0044796553865818e-14,
        8.789753457874408e-12
      ],
      [
        -0.0002458671355746664,
        -2.320156447907011e-10,
        -0.009151417458059023,
        1.1882859782293179e-09,
        -0.00022560085772659234,
        1.3601345475311104e-08,
        3.995072109721459e-09,
        0.0032417210588373113,
        -0.00021909171930797053,
        1.5821365465831436e-05,
        -0.0050396719160140015,
        4.813113115667227e-05,
        -5.017326647782831e-06,
        0.002200125310981481
      ]
    ],
    "Dcl": [
      [
        -1.3010426069964164e-18,
        0.0,
        1.5467153641383705e-18
      ],
      [
        -1.7347234759819008e-17,
        0.0,
        5.704627670736935e-18
      ],
      [
        -3.4694469519537917e-17,
        0.0,
        1.9860379457410904e-19
      ],
      [
        -4.465666118141658e-15,
        0.0,
        -2.931511355151034e-17
      ],
      [
        -1.5178830414568325e-18,
        0.0,
        -2.5616638943388143e-18
      ],
      [
        1.3010426099686802e-18,
        0.0,
        -3.3441451613301875e-16
      ],
      [
        2.4286128664552392e-17,
        0.0,
        -9.822672386843107e-17
      ],
      [
        1.1495243751316019e-17,
        0.0,
        -2.458670797007602e-08
      ]
    ]
  },
  "Acl_eigenvals": {
    "cartesian": [
      {
        "re": 0.001593345589948919,
        "im": 0.969411048332051,
        "abs": 0.9694123577603163
      },
      {
        "re": 0.001593345589948919,
        "im": -0.969411048332051,
        "abs": 0.9694123577603163
      },
      {
        "re": 4.206850001958751e-05,
        "im": 0.8501591762732632,
        "abs": 0.8501591773141027
      },
      {
        "re": 4.206850001958751e-05,
        "im": -0.8501591762732632,
        "abs": 0.8501591773141027
      },
      {
        "re": 0.011058080348726062,
        "im": 0.0,
        "abs": 0.011058080348726062
      },
      {
        "re": 0.10339747341336193,
        "im": 0.0,
        "abs": 0.10339747341336193
      },
      {
        "re": 0.9378922967264183,
        "im": 0.3018107006277016,
        "abs": 0.9852571538802143
      },
      {
        "re": 0.9378922967264183,
        "im": -0.3018107006277016,
        "abs": 0.9852571538802143
      },
      {
        "re": 0.6603153544621028,
        "im": 0.24629392648352616,
        "abs": 0.704753194786008
      },
      {
        "re": 0.6603153544621028,
        "im": -0.24629392648352616,
        "abs": 0.704753194786008
      },
      {
        "re": 0.8736412110016916,
        "im": 0.0,
        "abs": 0.8736412110016916
      },
      {
        "re": 0.9829247836801633,
        "im": 0.0,
        "abs": 0.9829247836801633
      },
      {
        "re": 0.9998732232371367,
        "im": 0.0,
        "abs": 0.9998732232371367
      },
      {
        "re": 0.9953852610910485,
        "im": 0.0,
        "abs": 0.9953852610910485
      }
    ],
    "polar": [
      {
        "abs": 0.9694123577603163,
        "ang_rad": 1.5691527060027795
      },
      {
        "abs": 0.9694123577603163,
        "ang_rad": -1.5691527060027795
      },
      {
        "abs": 0.8501591773141027,
        "ang_rad": 1.5707468437084826
      },
      {
        "abs": 0.8501591773141027,
        "ang_rad": -1.5707468437084826
      },
      {
        "abs": 0.011058080348726062,
        "ang_rad": 0.0
      },
      {
        "abs": 0.10339747341336193,
        "ang_rad": 0.0
      },
      {
        "abs": 0.9852571538802143,
        "ang_rad": 0.3113319539687472
      },
      {
        "abs": 0.9852571538802143,
        "ang_rad": -0.3113319539687472
      },
      {
        "abs": 0.704753194786008,
        "ang_rad": 0.35701117373078284
      },
      {
        "abs": 0.704753194786008,
        "ang_rad": -0.35701117373078284
      },
      {
        "abs": 0.8736412110016916,
        "ang_rad": 0.0
      },
      {
        "abs": 0.9829247836801633,
        "ang_rad": 0.0
      },
      {
        "abs": 0.9998732232371367,
        "ang_rad": 0.0
      },
      {
        "abs": 0.9953852610910485,
        "ang_rad": 0.0
      }
    ]
  },
  "disturbance": {
    "Sigma_nom": [
      [
        1.0,
        0.0,
        0.0
      ],
      [
        0.0,
        1.0,
        0.0
      ],
      [
        0.0,
        0.0,
        1.0
      ]
    ]
  },
  "dro_variables": {
    "Q": [
      [
        -4.915947674145098,
        0.000176558854206674,
        1.0925668978147544e-06
      ],
      [
        0.000176558854206674,
        1.1354024541841286,
        -0.00017151676026140903
      ],
      [
        1.0925668978147544e-06,
        -0.00017151676026140903,
        1.1340764551558682
      ]
    ],
    "X": [
      [
        73161.59505692466,
        -1764.2729464458457,
        26.36231818592525,
        -19.63211953911251,
        0.204568327505171,
        4265.108252008568,
        58.72376101302779
      ],
      [
        -1764.2729464458457,
        306359.3195713051,
        -6991.350542422652,
        -5423.775434164363,
        -55.835563921266115,
        -169.65839892607832,
        31.512446291941576
      ],
      [
        26.36231818592525,
        -6991.350542422652,
        194.6721851763225,
        -2495.6646511999766,
        -61.735336178994835,
        3.2679944968280203,
        -0.03761932445154831
      ],
      [
        -19.63211953911251,
        -5423.775434164363,
        -2495.6646511999766,
        2519214.4514949396,
        1688.1400017739625,
        -14.530543564956147,
        -8.301681339504059
      ],
      [
        0.204568327505171,
        -55.835563921266115,
        -61.735336178994835,
        1688.1400017739625,
        1365.0522760569345,
        -8.859874641693292,
        0.009774314856172256
      ],
      [
        4265.108252008568,
        -169.65839892607832,
        3.2679944968280203,
        -14.530543564956147,
        -8.859874641693292,
        2149144.63586703,
        45768.52581293513
      ],
      [
        58.72376101302779,
        31.512446291941576,
        -0.03761932445154831,
        -8.301681339504059,
        0.009774314856172256,
        45768.52581293513,
        29839.49456954016
      ]
    ],
    "Y": [
      [
        34.38677565520831,
        -0.21330758239727254,
        0.0873632569341358,
        -0.0012477401964799879,
        0.0018594108660500881,
        0.0012093003202591215,
        -0.002486219133668461
      ],
      [
        -0.21330758239727254,
        22.234119334097993,
        4.682896151607569,
        0.006847409873288454,
        0.0640875696647807,
        -0.13047072648960098,
        -0.1979613561492892
      ],
      [
        0.0873632569341358,
        4.682896151607569,
        36.50578964567566,
        -0.005967449228428751,
        -0.05358105699011618,
        0.07622992727339474,
        0.012614852264891755
      ],
      [
        -0.0012477401964799879,
        0.006847409873288454,
        -0.005967449228428751,
        0.10177502406396456,
        -0.01845778896900427,
        0.0007147417533754844,
        -0.0012946822584453824
      ],
      [
        0.0018594108660500881,
        0.0640875696647807,
        -0.05358105699011618,
        -0.01845778896900427,
        31.801282697128624,
        0.0017577356642338984,
        0.014296299090955365
      ],
      [
        0.0012093003202591215,
        -0.13047072648960098,
        0.07622992727339474,
        0.0007147417533754844,
        0.0017577356642338984,
        28.260558485767174,
        0.387828265371102
      ],
      [
        -0.002486219133668461,
        -0.1979613561492892,
        0.012614852264891755,
        -0.0012946822584453824,
        0.014296299090955365,
        0.387828265371102,
        37.739040911251145
      ]
    ],
    "K": [
      [
        0.19787970373710326,
        -0.07613060445512956,
        0.016925025149823254,
        0.0447445708582439,
        -0.0042855221206593175,
        0.003791670673537986,
        -0.004045665849916326
      ],
      [
        0.13165939399431525,
        1.6365147461279204,
        -2.0610859048632246,
        0.4545161720849627,
        1.4508330566928562,
        -0.5643763417402654,
        0.0637661379038779
      ],
      [
        -0.01814852306960074,
        -0.3203523943672998,
        0.6191681364971191,
        0.2983799503776756,
        0.5366326649546354,
        0.09761874817305524,
        -0.02243469488149032
      ],
      [
        -0.17477411688592448,
        -13.445387973880635,
        17.31171320638743,
        1.1428813800733424,
        -521.2693640360353,
        -0.2851628645560328,
        -0.502513712810581
      ],
      [
        -0.0009363319164813473,
        -0.0298353579954622,
        0.043777950063531156,
        -1.301773529678262,
        -0.35153842277203007,
        0.00411629655484981,
        -0.001939683098087389
      ],
      [
        -0.009833029371332508,
        -0.0010879176776651144,
        0.008392361413978894,
        -0.2702705500212452,
        -0.03361505893807053,
        -0.05673420466871023,
        -0.9945227800210802
      ],
      [
        -0.004453262071507709,
        -0.027687874623429316,
        -0.03320419315896794,
        -1.0179418480078142,
        -0.007098017687401509,
        -0.11409111436780893,
        -0.3096822404935034
      ]
    ],
    "L": [
      [
        -9233.531532578218,
        88.51710239638754,
        1.1186363815553662
      ],
      [
        -19.664895293977715,
        -15365.635765876117,
        -23.259956149245433
      ],
      [
        2.513736548958838,
        323.3973767137663,
        18.61318841962863
      ],
      [
        0.5632020235925004,
        166.2272717571463,
        -17930.02020973503
      ],
      [
        -0.22734932495857021,
        99.39231529838955,
        -14.415066289500563
      ],
      [
        -19.368350419206116,
        7.730038956202341,
        -5.229321638232212
      ],
      [
        -79.18582181390913,
        -2.0465857122815,
        0.9551338265436505
      ]
    ],
    "M": [
      [
        0.010372679151974278,
        0.36546250556564186,
        -0.25483218950669917,
        0.0019397186828459298,
        -0.007080100691455071,
        25.484442784686358,
        -4.18077323228306
      ]
    ],
    "N": [
      [
        -0.00024586708640180827,
        -0.009151417699801696,
        -0.00022560097011679889
      ]
    ],
    "Pbar": [
      [
        34.38677565520831,
        -0.21330758239727254,
        0.0873632569341358,
        -0.0012477401964799879,
        0.0018594108660500881,
        0.0012093003202591215,
        -0.002486219133668461,
        1.0,
        0.0,
        0.0,
        0.0,
        0.0,
        0.0,
        0.0
      ],
      [
        -0.21330758239727254,
        22.234119334097993,
        4.682896151607569,
        0.006847409873288454,
        0.0640875696647807,
        -0.13047072648960098,
        -0.1979613561492892,
        0.0,
        1.0,
        0.0,
        0.0,
        0.0,
        0.0,
        0.0
      ],
      [
        0.0873632569341358,
        4.682896151607569,
        36.50578964567566,
        -0.005967449228428751,
        -0.05358105699011618,
        0.07622992727339474,
        0.012614852264891755,
        0.0,
        0.0,
        1.0,
        0.0,
        0.0,
        0.0,
        0.0
      ],
      [
        -0.0012477401964799879,
        0.006847409873288454,
        -0.005967449228428751,
        0.10177502406396456,
        -0.01845778896900427,
        0.0007147417533754844,
        -0.0012946822584453824,
        0.0,
        0.0,
        0.0,
        1.0,
        0.0,
        0.0,
        0.0
      ],
      [
        0.0018594108660500881,
        0.0640875696647807,
        -0.05358105699011618,
        -0.01845778896900427,
        31.801282697128624,
        0.0017577356642338984,
        0.014296299090955365,
        0.0,
        0.0,
        0.0,
        0.0,
        1.0,
        0.0,
        0.0
      ],
      [
        0.0012093003202591215,
        -0.13047072648960098,
        0.07622992727339474,
        0.0007147417533754844,
        0.0017577356642338984,
        28.260558485767174,
        0.387828265371102,
        0.0,
        0.0,
        0.0,
        0.0,
        0.0,
        1.0,
        0.0
      ],
      [
        -0.002486219133668461,
        -0.1979613561492892,
        0.012614852264891755,
        -0.0012946822584453824,
        0.014296299090955365,
        0.387828265371102,
        37.739040911251145,
        0.0,
        0.0,
        0.0,
        0.0,
        0.0,
        0.0,
        1.0
      ],
      [
        1.0,
        0.0,
        0.0,
        0.0,
        0.0,
        0.0,
        0.0,
        73161.59505692466,
        -1764.2729464458457,
        26.36231818592525,
        -19.63211953911251,
        0.204568327505171,
        4265.108252008568,
        58.72376101302779
      ],
      [
        0.0,
        1.0,
        0.0,
        0.0,
        0.0,
        0.0,
        0.0,
        -1764.2729464458457,
        306359.3195713051,
        -6991.350542422652,
        -5423.775434164363,
        -55.835563921266115,
        -169.65839892607832,
        31.512446291941576
      ],
      [
        0.0,
        0.0,
        1.0,
        0.0,
        0.0,
        0.0,
        0.0,
        26.36231818592525,
        -6991.350542422652,
        194.6721851763225,
        -2495.6646511999766,
        -61.735336178994835,
        3.2679944968280203,
        -0.03761932445154831
      ],
      [
        0.0,
        0.0,
        0.0,
        1.0,
        0.0,
        0.0,
        0.0,
        -19.63211953911251,
        -5423.775434164363,
        -2495.6646511999766,
        2519214.4514949396,
        1688.1400017739625,
        -14.530543564956147,
        -8.301681339504059
      ],
      [
        0.0,
        0.0,
        0.0,
        0.0,
        1.0,
        0.0,
        0.0,
        0.204568327505171,
        -55.835563921266115,
        -61.735336178994835,
        1688.1400017739625,
        1365.0522760569345,
        -8.859874641693292,
        0.009774314856172256
      ],
      [
        0.0,
        0.0,
        0.0,
        0.0,
        0.0,
        1.0,
        0.0,
        4265.108252008568,
        -169.65839892607832,
        3.2679944968280203,
        -14.530543564956147,
        -8.859874641693292,
        2149144.63586703,
        45768.52581293513
      ],
      [
        0.0,
        0.0,
        0.0,
        0.0,
        0.0,
        0.0,
        1.0,
        58.72376101302779,
        31.512446291941576,
        -0.03761932445154831,
        -8.301681339504059,
        0.009774314856172256,
        45768.52581293513,
        29839.49456954016
      ]
    ],
    "Abar": [
      [
        34.382218541149506,
        -0.21274724270335435,
        0.08736528455040404,
        -0.0012435446203842096,
        0.0019883415226291208,
        -0.03385606826069478,
        -0.003982420961610121,
        0.9998676245553445,
        1.648221052799846e-05,
        8.752346606877914e-07,
        4.779426755600727e-05,
        4.1385098038054135e-06,
        -0.0012292042034100547,
        -2.8302185459169338e-05
      ],
      [
        -0.22827561291803636,
        21.40010628224093,
        6.2271357858889065,
        0.006982053469865987,
        0.07678466462724427,
        -0.1353315975761939,
        -0.22614542279410893,
        -0.000857066871766621,
        0.9521693560996155,
        0.048441036894859416,
        0.007423225334894808,
        0.0005821462693305006,
        -0.004246150108655843,
        -0.0005121502497248026
      ],
      [
        -0.6771538508425486,
        -37.547497943446245,
        24.817095594772322,
        0.011217980496069662,
        0.5540979618384964,
        -0.2650762375837372,
        -1.1316456926560083,
        -0.033822853254103336,
        -1.887569644492275,
        0.9221118636467437,
        0.2929472807132933,
        0.022973784319148073,
        -0.166732135325088,
        -0.020495949307887583
      ],
      [
        -0.0012998871544731361,
        0.0027256501856282116,
        -0.0016406216822449768,
        0.0015432953443873414,
        0.9820353028718019,
        0.0005884082130297396,
        -0.0011060016006086948,
        -3.867431395437048e-05,
        2.253959273351464e-05,
        9.151224980192033e-07,
        0.020762030340037256,
        0.030892395081987826,
        -0.00013287560693578848,
        -2.0189493054514415e-05
      ],
      [
        -0.0034392691676469653,
        -0.19071188191266975,
        0.18681263953678212,
        -3.096251474722868,
        0.002642764162596468,
        -0.005620960812590725,
        -0.00818291624927843,
        -0.0012016880385696278,
        0.0007003289576460644,
        2.8496428293307496e-05,
        -30.42583130889901,
        -0.017577077642878757,
        -0.004119912016131439,
        -0.0006302569837603087
      ],
      [
        0.002024560919038586,
        -0.08853463514579224,
        0.04411252028364232,
        0.0007905364423248741,
        0.0013818168391244666,
        28.00096640955591,
        1.240245017160004,
        -2.4175500485860256e-05,
        1.870697201650244e-10,
        -0.0008998357266763873,
        -4.499591214901656e-10,
        -2.2182843775416794e-05,
        0.9016725306426687,
        0.034490430672301495
      ],
      [
        0.03056363772329436,
        1.6275875427734425,
        -1.1365643314092504,
        0.0036827774085382748,
        -0.02449467436367384,
        -9.41251902386162,
        0.04805272969894503,
        -0.000848006321511599,
        -1.591262860815321e-09,
        -0.03156363387137669,
        6.25695708338163e-09,
        -0.0007781067945143219,
        -3.4490431192904945,
        0.41880651176272654
      ],
      [
        0.19787970373710326,
        -0.07613060445512956,
        0.016925025149823254,
        0.0447445708582439,
        -0.0042855221206593175,
        0.003791670673537986,
        -0.004045665849916326,
        63918.9989900211,
        -1728.4417804954342,
        27.391044245640977,
        -8.50889641050591,
        0.3890306449856321,
        3556.357315376308,
        169.99220029288495
      ],
      [
        0.13165939399431525,
        1.6365147461279204,
        -2.0610859048632246,
        0.4545161720849627,
        1.4508330566928562,
        -0.5643763417402654,
        0.0637661379038779,
        -1809.4983207270163,
        304902.4266770506,
        -6970.892630111313,
        1812.2276611829104,
        -172.08162010639018,
