{
  "prob": "MBD",
  "meta": {
    "model": "correlated",
    "disturbance_type": "2W_correlated",
    "gamma": 0.5,
    "objective": 878.5720914542096,
    "spectral_radius_Acl": 0.9924642005331017,
    "Z_cost": 12.776133177503509,
    "lambda_opt": 1164.026357505257,
    "trace_Q_Sigma": 587.5655020778953,
    "real_Z_mats": true,
    "N_sims": 0,
    "SNR": -0.2762606170401511
  },
  "solver_performance": {
    "solver": "MOSEK",
    "status": "optimal",
    "num_violations": 0,
    "tot_constraints:": 2,
    "Time_seconds": 0.6848309999986668,
    "attempt": 1,
    "Total_time": 0.6848309999986668,
    "stress": 4.85977562348445
  },
  "problem_params": {
    "Methodology": "Baseline",
    "FROM_DATA": false,
    "augmented": true,
    "reg_fro": false,
    "non_convex": false,
    "N_sims": 0
  },
  "controller": {
    "Ac": [
      [
        0.08007581512884891,
        0.6144035229988027,
        0.5737060354005508,
        -0.1433077577586281,
        0.039045878518521676,
        -0.00031336765316223377,
        -0.2920616863334432
      ],
      [
        0.0006920504091442102,
        0.8808680228752301,
        -0.06561359301353853,
        -0.10771285504477683,
        0.04215413722893363,
        -0.0021386892012662524,
        0.042003584311540165
      ],
      [
        0.15877738350218695,
        -0.09823972113100421,
        0.8567672709817438,
        0.0953292129544317,
        -0.05922572611329567,
        0.0536979733666625,
        0.032915406018134565
      ],
      [
        -0.016580949915031878,
        0.04830005197878873,
        -0.11654291699102827,
        0.10002918520911336,
        -0.0012052632144296486,
        0.6700013279601403,
        0.0412806132674444
      ],
      [
        -0.00428266829179976,
        -0.0029479979475508684,
        0.02367436836023851,
        0.03184086697345682,
        0.07770474832843564,
        1.8278773108507764,
        -0.039282134111085935
      ],
      [
        -6.944392035733287e-05,
        0.00024331302731130138,
        -0.0013513505373006329,
        -0.01977434118758874,
        -0.02747462021484091,
        -0.08914044773933576,
        -0.0017841943405651481
      ],
      [
        0.16829087306508184,
        -0.18436397407108632,
        -0.12560105638982558,
        0.2805356288789678,
        -0.10968652567237148,
        0.013619884562718456,
        0.9878622939769554
      ]
    ],
    "Bc": [
      [
        44.65350183918138,
        -41.7849067754294,
        -0.675921220242407
      ],
      [
        260.3168763619745,
        232.85039762112376,
        -2.1534462676234134
      ],
      [
        478.6232255171711,
        -311.89809053037203,
        48.53211599542622
      ],
      [
        11.837310445455289,
        -87.86247303721868,
        577.7258077303513
      ],
      [
        -54.92877579978553,
        23.62664910125465,
        1574.87148647768
      ],
      [
        -1.6304599827056032,
        -0.9167440689705006,
        -77.62786324496837
      ],
      [
        1342.728273272438,
        50.91163653979892,
        17.751537224310287
      ]
    ],
    "Cc": [
      [
        -0.004176694529048306,
        0.005397408433487396,
        0.00456201413578276,
        -0.0012825773537340434,
        0.0003633688230766582,
        6.316381444236942e-06,
        -0.002452045811026108
      ]
    ],
    "Dc": [
      [
        0.26864109946591885,
        -0.015213760254050027,
        0.0003491427464560244
      ]
    ]
  },
  "plant": {
    "A": [
      [
        0.9998750083218434,
        1.2296418938663829e-05,
        3.0671453133950425e-07,
        -8.028526266540425e-06,
        -2.483603888415862e-07,
        -0.0012063352408121929,
        -2.458083047777936e-05
      ],
      [
        0.00012268581253580167,
        0.951612651024621,
        0.04841827599730255,
        -4.547416701305254e-10,
        -5.8682920727339615e-12,
        -0.0012045774776868827,
        -1.720662457945196e-05
      ],
      [
        0.0048415208851930475,
        -1.909539305420564,
        0.921205973698315,
        -2.4885551881917653e-08,
        -4.4737109528717156e-10,
        -0.046700680684612056,
        -0.0009636847335745555
      ],
      [
        9.93441555366345e-07,
        4.510563827088488e-12,
        5.86829207273397e-14,
        0.02046165720076587,
        0.03086882607064169,
        -9.730324870477287e-06,
        -1.5052863372159116e-07
      ],
      [
        3.086634247262157e-05,
        2.4604602834077313e-10,
        4.473710952871717e-12,
        -30.435427752858235,
        -0.018309588343960126,
        -0.0002936602334318248,
        -7.622923998375009e-06
      ],
      [
        0.0,
        0.0,
        0.0,
        0.0,
        0.0,
        0.9016725407003771,
        0.03449043208701959
      ],
      [
        0.0,
        0.0,
        0.0,
        0.0,
        0.0,
        -3.449043208701959,
        0.4188064914821027
      ]
    ],
    "Bw": [
      [
        0.002794954252042764,
        4.396534297314517e-08,
        0.0001,
        0.0,
        0.0,
        0.0,
        0.0,
        0.0,
        0.0,
        0.0,
        0.0,
        0.0
      ],
      [
        0.010973927582773768,
        0.010973812599853486,
        0.0,
        0.0001,
        0.0,
        0.0,
        0.0,
        0.0,
        0.0,
        0.0,
        0.0,
        0.0
      ],
      [
        0.4330730842760529,
        0.4330662259306353,
        0.0,
        0.0,
        0.0001,
        0.0,
        0.0,
        0.0,
        0.0,
        0.0,
        0.0,
        0.0
      ],
      [
        0.00044430186203684287,
        0.0004443008481242727,
        0.0,
        0.0,
        0.0,
        0.0001,
        0.0,
        0.0,
        0.0,
        0.0,
        0.0,
        0.0
      ],
      [
        0.013805014231510624,
        0.013804958696439384,
        0.0,
        0.0,
        0.0,
        0.0,
        0.0001,
        0.0,
        0.0,
        0.0,
        0.0,
        0.0
      ],
      [
        0.0,
        0.0,
        0.0,
        0.0,
        0.0,
        0.0,
        0.0,
        0.0001,
        0.0,
        0.0,
        0.0,
        0.0
      ],
      [
        0.0,
        0.0,
        0.0,
        0.0,
        0.0,
        0.0,
        0.0,
        0.0,
        0.0001,
        0.0,
        0.0,
        0.0
      ]
    ],
    "Bu": [
      [
        -4.359173445161006e-05
      ],
      [
        -2.2383491521535603e-05
      ],
      [
        -0.001720662457945197
      ],
      [
        -2.049975541581283e-07
      ],
      [
        -1.5052863372159118e-05
      ],
      [
        0.09832745929962294
      ],
      [
        3.449043208701959
      ]
    ],
    "Cz": [
      [
        1.0,
        0.0,
        0.0,
        0.0,
        0.0,
        0.0,
        0.0
      ],
      [
        0.0,
        1.0,
        0.0,
        0.0,
        0.0,
        0.0,
        0.0
      ],
      [
        0.0,
        0.0,
        1.0,
        0.0,
        0.0,
        0.0,
        0.0
      ],
      [
        0.0,
        0.0,
        0.0,
        1.0,
        0.0,
        0.0,
        0.0
      ],
      [
        0.0,
        0.0,
        0.0,
        0.0,
        1.0,
        0.0,
        0.0
      ],
      [
        0.0,
        0.0,
        0.0,
        0.0,
        0.0,
        1.0,
        0.0
      ],
      [
        0.0,
        0.0,
        0.0,
        0.0,
        0.0,
        0.0,
        1.0
      ],
      [
        0.0,
        0.0,
        0.0,
        0.0,
        0.0,
        0.0,
        0.0
      ]
    ],
    "Dzw": [
      [
        0.0,
        0.0,
        0.0,
        0.0,
        0.0,
        0.0,
        0.0,
        0.0,
        0.0,
        0.0,
        0.0,
        0.0
      ],
      [
        0.0,
        0.0,
        0.0,
        0.0,
        0.0,
        0.0,
        0.0,
        0.0,
        0.0,
        0.0,
        0.0,
        0.0
      ],
      [
        0.0,
        0.0,
        0.0,
        0.0,
        0.0,
        0.0,
        0.0,
        0.0,
        0.0,
        0.0,
        0.0,
        0.0
      ],
      [
        0.0,
        0.0,
        0.0,
        0.0,
        0.0,
        0.0,
        0.0,
        0.0,
        0.0,
        0.0,
        0.0,
        0.0
      ],
      [
        0.0,
        0.0,
        0.0,
        0.0,
        0.0,
        0.0,
        0.0,
        0.0,
        0.0,
        0.0,
        0.0,
        0.0
      ],
      [
        0.0,
        0.0,
        0.0,
        0.0,
        0.0,
        0.0,
        0.0,
        0.0,
        0.0,
        0.0,
        0.0,
        0.0
      ],
      [
        0.0,
        0.0,
        0.0,
        0.0,
        0.0,
        0.0,
        0.0,
        0.0,
        0.0,
        0.0,
        0.0,
        0.0
      ],
      [
        0.0,
        0.0,
        0.0,
        0.0,
        0.0,
        0.0,
        0.0,
        0.0,
        0.0,
        0.0,
        0.0,
        0.0
      ]
    ],
    "Dzu": [
      [
        0.0
      ],
      [
        0.0
      ],
      [
        0.0
      ],
      [
        0.0
      ],
      [
        0.0
      ],
      [
        0.0
      ],
      [
        0.0
      ],
      [
        1.0
      ]
    ],
    "Cy": [
      [
        1.0,
        0.0,
        0.0,
        0.0,
        0.0,
        0.0,
        0.0
      ],
      [
        0.0,
        0.0,
        1.0,
        0.0,
        0.0,
        0.0,
        0.0
      ],
      [
        0.0,
        0.0,
        0.0,
        0.0,
        1.0,
        0.0,
        0.0
      ]
    ],
    "Dyw": [
      [
        0.0,
        0.0,
        0.0,
        0.0,
        0.0,
        0.0,
        0.0,
        0.0,
        0.0,
        0.0001,
        0.0,
        0.0
      ],
      [
        0.0,
        0.0,
        0.0,
        0.0,
        0.0,
        0.0,
        0.0,
        0.0,
        0.0,
        0.0,
        0.0001,
        0.0
      ],
      [
        0.0,
        0.0,
        0.0,
        0.0,
        0.0,
        0.0,
        0.0,
        0.0,
        0.0,
        0.0,
        0.0,
        0.0001
      ]
    ]
  },
  "plant_dims": {
    "nx": 7,
    "nu": 1,
    "nw": 12,
    "ny": 3,
    "nz": 8
  },
  "initial_conds": {
    "X": [
      [
        0.07
      ],
      [
        0.0
      ],
      [
        0.0
      ],
      [
        0.0
      ],
      [
        0.0
      ],
      [
        0.0
      ],
      [
        0.0
      ]
    ],
    "Xc": [
      [
        0.0
      ],
      [
        0.0
      ],
      [
        0.0
      ],
      [
        0.0
      ],
      [
        0.0
      ],
      [
        0.0
      ],
      [
        0.0
      ]
    ]
  },
  "composite_closed_loop": {
    "Acl": [
      [
        0.9998632977903726,
        1.2296418938663829e-05,
        9.699087283445126e-07,
        -8.028526266540425e-06,
        -2.6358012673080305e-07,
        -0.0012063352408121929,
        -2.458083047777936e-05,
        1.820693587957663e-07,
        -2.3528239515946322e-07,
        -1.9886610877153343e-07,
        5.590977141762316e-08,
        -1.5839877243551763e-08,
        -2.75342022612254e-10,
        1.0688892985743293e-07
      ],
      [
        0.00011667268676357027,
        0.951612651024621,
        0.04841861653437621,
        -4.547416701305254e-10,
        -7.82090199717681e-09,
        -0.0012045774776868827,
        -1.720662457945196e-05,
        9.34890065789969e-08,
        -1.208128459092299e-07,
        -1.0211380472941897e-07,
        2.870855932301953e-08,
        -8.133462970526749e-09,
        -1.413826705038624e-10,
        5.4885346621519785e-08
      ],
      [
        0.00437928023068092,
        -1.909539305420564,
        0.9212321514444284,
        -2.4885551881917653e-08,
        -6.012041873860469e-07,
        -0.046700680684612056,
        -0.0009636847335745555,
        7.1866814744385145e-06,
        -9.287118061698558e-06,
        -7.849686456056697e-06,
        2.2068827019808652e-06,
        -6.252350922557361e-07,
        -1.086836042116017e-08,
        4.219143172194407e-06
      ],
      [
        9.383707870294813e-07,
        4.510563827088488e-12,
        3.1188423245491277e-09,
        0.02046165720076587,
        0.03086882599906828,
        -9.730324870477287e-06,
        -1.5052863372159116e-07,
        8.562121629205383e-10,
        -1.106455527657371e-09,
        -9.352017398702732e-10,
        2.6292522053408343e-10,
        -7.448971998803258e-11,
        -1.2948427471983592e-12,
        5.026633939440362e-10
      ],
      [
        2.6822524706214487e-05,
        2.4604602834077313e-10,
        2.2901512819195273e-07,
        -30.435427752858235,
        -0.018309593599558187,
        -0.0002936602334318248,
        -7.622923998375009e-06,
        6.287121209300862e-08,
        -8.124645171302515e-08,
        -6.867137548779643e-08,
        1.930646166998395e-08,
        -5.469741247475195e-09,
        -9.507962688653977e-11,
        3.69103105756511e-08
      ],
      [
        0.026414796773941096,
        0.0,
        -0.0014959303921743253,
        0.0,
        3.4330319191913316e-05,
        0.9016725407003771,
        0.03449043208701959,
        -0.0004106837613119551,
        0.0005307134580671736,
        0.00044857125926048383,
        -0.00012611257254790224,
        3.5729133161822e-05,
        6.210737393791015e-07,
        -0.00024110343468448057
      ],
      [
        0.9265547596911549,
        0.0,
        -0.05247291648305104,
        0.0,
        0.0012042084185317008,
        -3.449043208701959,
        0.4188064914821027,
        -0.014405599900236685,
        0.018615894902110384,
        0.015734583873023865,
        -0.004423664711531332,
        0.0012532747714865716,
        2.1785472523816494e-05,
        -0.008457211951945685
      ],
      [
        44.65350183918138,
        0.0,
        -41.7849067754294,
        0.0,
        -0.675921220242407,
        0.0,
        0.0,
        0.08007581512884891,
        0.6144035229988027,
        0.5737060354005508,
        -0.1433077577586281,
        0.039045878518521676,
        -0.00031336765316223377,
        -0.2920616863334432
      ],
      [
        260.3168763619745,
        0.0,
        232.85039762112376,
        0.0,
        -2.1534462676234134,
        0.0,
        0.0,
        0.0006920504091442102,
        0.8808680228752301,
        -0.06561359301353853,
        -0.10771285504477683,
        0.04215413722893363,
        -0.0021386892012662524,
        0.042003584311540165
      ],
      [
        478.6232255171711,
        0.0,
        -311.89809053037203,
        0.0,
        48.53211599542622,
        0.0,
        0.0,
        0.15877738350218695,
        -0.09823972113100421,
        0.8567672709817438,
        0.0953292129544317,
        -0.05922572611329567,
        0.0536979733666625,
        0.032915406018134565
      ],
      [
        11.837310445455289,
        0.0,
        -87.86247303721868,
        0.0,
        577.7258077303513,
        0.0,
        0.0,
        -0.016580949915031878,
        0.04830005197878873,
        -0.11654291699102827,
        0.10002918520911336,
        -0.0012052632144296486,
        0.6700013279601403,
        0.0412806132674444
      ],
      [
        -54.92877579978553,
        0.0,
        23.62664910125465,
        0.0,
        1574.87148647768,
        0.0,
        0.0,
        -0.00428266829179976,
        -0.0029479979475508684,
        0.02367436836023851,
        0.03184086697345682,
        0.07770474832843564,
        1.8278773108507764,
        -0.039282134111085935
      ],
      [
        -1.6304599827056032,
        0.0,
        -0.9167440689705006,
        0.0,
        -77.62786324496837,
        0.0,
        0.0,
        -6.944392035733287e-05,
        0.00024331302731130138,
        -0.0013513505373006329,
        -0.01977434118758874,
        -0.02747462021484091,
        -0.08914044773933576,
        -0.0017841943405651481
      ],
      [
        1342.728273272438,
        0.0,
        50.91163653979892,
        0.0,
        17.751537224310287,
        0.0,
        0.0,
        0.16829087306508184,
        -0.18436397407108632,
        -0.12560105638982558,
        0.2805356288789678,
        -0.10968652567237148,
        0.013619884562718456,
        0.9878622939769554
      ]
    ],
    "Bcl": [
      [
        0.002794954252042764,
        4.396534297314517e-08,
        0.0001,
        0.0,
        0.0,
        0.0,
        0.0,
        0.0,
        0.0,
        -1.1710531470706902e-09,
        6.631941970050084e-11,
        -1.5219737889216835e-12
      ],
      [
        0.010973927582773768,
        0.010973812599853486,
        0.0,
        0.0001,
        0.0,
        0.0,
        0.0,
        0.0,
        0.0,
        -6.013125772231398e-10,
        3.405370736572041e-11,
        -7.815033705104077e-13
      ],
      [
        0.4330730842760529,
        0.4330662259306353,
        0.0,
        0.0,
        0.0001,
        0.0,
        0.0,
        0.0,
        0.0,
        -4.622406545121281e-08,
        2.617774611332267e-09,
        -6.007568162907597e-11
      ],
      [
        0.00044430186203684287,
        0.0004443008481242727,
        0.0,
        0.0,
        0.0,
        0.0001,
        0.0,
        0.0,
        0.0,
        -5.507076833686383e-12,
        3.1187836416284007e-13,
        -7.157340907553654e-15
      ],
      [
        0.013805014231510624,
        0.013804958696439384,
        0.0,
        0.0,
        0.0,
        0.0,
        0.0001,
        0.0,
        0.0,
        -4.0438177664070845e-10,
        2.2901065448099988e-11,
        -5.255598059782928e-13
      ],
      [
        0.0,
        0.0,
        0.0,
        0.0,
        0.0,
        0.0,
        0.0,
        0.0001,
        0.0,
        2.64147967739411e-06,
        -1.4959303921743253e-07,
        3.4330319191913316e-09
      ],
      [
        0.0,
        0.0,
        0.0,
        0.0,
        0.0,
        0.0,
        0.0,
        0.0,
        0.0001,
        9.26554759691155e-05,
        -5.247291648305104e-06,
        1.204208418531701e-07
      ],
      [
        0.0,
        0.0,
        0.0,
        0.0,
        0.0,
        0.0,
        0.0,
        0.0,
        0.0,
        0.004465350183918138,
        -0.00417849067754294,
        -6.75921220242407e-05
      ],
      [
        0.0,
        0.0,
        0.0,
        0.0,
        0.0,
        0.0,
        0.0,
        0.0,
        0.0,
        0.02603168763619745,
        0.023285039762112377,
        -0.00021534462676234134
      ],
      [
        0.0,
        0.0,
        0.0,
        0.0,
        0.0,
        0.0,
        0.0,
        0.0,
        0.0,
        0.04786232255171711,
        -0.031189809053037205,
        0.004853211599542622
      ],
      [
        0.0,
        0.0,
        0.0,
        0.0,
        0.0,
        0.0,
        0.0,
        0.0,
        0.0,
        0.0011837310445455289,
        -0.008786247303721868,
        0.05777258077303513
      ],
      [
        0.0,
        0.0,
        0.0,
        0.0,
        0.0,
        0.0,
        0.0,
        0.0,
        0.0,
        -0.005492877579978553,
        0.002362664910125465,
        0.157487148647768
      ],
      [
        0.0,
        0.0,
        0.0,
        0.0,
        0.0,
        0.0,
        0.0,
        0.0,
        0.0,
        -0.00016304599827056033,
        -9.167440689705007e-05,
        -0.007762786324496837
      ],
      [
        0.0,
        0.0,
        0.0,
        0.0,
        0.0,
        0.0,
        0.0,
        0.0,
        0.0,
        0.1342728273272438,
        0.005091163653979892,
        0.0017751537224310289
      ]
    ],
    "Ccl": [
      [
        1.0,
        0.0,
        0.0,
        0.0,
        0.0,
        0.0,
        0.0,
        0.0,
        0.0,
        0.0,
        0.0,
        0.0,
        0.0,
        0.0
      ],
      [
        0.0,
        1.0,
        0.0,
        0.0,
        0.0,
        0.0,
        0.0,
        0.0,
        0.0,
        0.0,
        0.0,
        0.0,
        0.0,
        0.0
      ],
      [
        0.0,
        0.0,
        1.0,
        0.0,
        0.0,
        0.0,
        0.0,
        0.0,
        0.0,
        0.0,
        0.0,
        0.0,
        0.0,
        0.0
      ],
      [
        0.0,
        0.0,
        0.0,
        1.0,
        0.0,
        0.0,
        0.0,
        0.0,
        0.0,
        0.0,
        0.0,
        0.0,
        0.0,
        0.0
      ],
      [
        0.0,
        0.0,
        0.0,
        0.0,
        1.0,
        0.0,
        0.0,
        0.0,
        0.0,
        0.0,
        0.0,
        0.0,
        0.0,
        0.0
      ],
      [
        0.0,
        0.0,
        0.0,
        0.0,
        0.0,
        1.0,
        0.0,
        0.0,
        0.0,
        0.0,
        0.0,
        0.0,
        0.0,
        0.0
      ],
      [
        0.0,
        0.0,
        0.0,
        0.0,
        0.0,
        0.0,
        1.0,
        0.0,
        0.0,
        0.0,
        0.0,
        0.0,
        0.0,
        0.0
      ],
      [
        0.26864109946591885,
        0.0,
        -0.015213760254050027,
        0.0,
        0.0003491427464560244,
        0.0,
        0.0,
        -0.004176694529048306,
        0.005397408433487396,
        0.00456201413578276,
        -0.0012825773537340434,
        0.0003633688230766582,
        6.316381444236942e-06,
        -0.002452045811026108
      ]
    ],
    "Dcl": [
      [
        0.0,
        0.0,
        0.0,
        0.0,
        0.0,
        0.0,
        0.0,
        0.0,
        0.0,
        0.0,
        0.0,
        0.0
      ],
      [
        0.0,
        0.0,
        0.0,
        0.0,
        0.0,
        0.0,
        0.0,
        0.0,
        0.0,
        0.0,
        0.0,
        0.0
      ],
      [
        0.0,
        0.0,
        0.0,
        0.0,
        0.0,
        0.0,
        0.0,
        0.0,
        0.0,
        0.0,
        0.0,
        0.0
      ],
      [
        0.0,
        0.0,
        0.0,
        0.0,
        0.0,
        0.0,
        0.0,
        0.0,
        0.0,
        0.0,
        0.0,
        0.0
      ],
      [
        0.0,
        0.0,
        0.0,
        0.0,
        0.0,
        0.0,
        0.0,
        0.0,
        0.0,
        0.0,
        0.0,
        0.0
      ],
      [
        0.0,
        0.0,
        0.0,
        0.0,
        0.0,
        0.0,
        0.0,
        0.0,
        0.0,
        0.0,
        0.0,
        0.0
      ],
      [
        0.0,
        0.0,
        0.0,
        0.0,
        0.0,
        0.0,
        0.0,
        0.0,
        0.0,
        0.0,
        0.0,
        0.0
      ],
      [
        0.0,
        0.0,
        0.0,
        0.0,
        0.0,
        0.0,
        0.0,
        0.0,
        0.0,
        2.6864109946591886e-05,
        -1.5213760254050028e-06,
        3.491427464560244e-08
      ]
    ]
  },
  "Acl_eigenvals": {
    "cartesian": [
      {
        "re": 0.0010760344425252005,
        "im": 0.9690872613100036,
        "abs": 0.9690878587019056
      },
      {
        "re": 0.0010760344425252005,
        "im": -0.9690872613100036,
        "abs": 0.9690878587019056
      },
      {
        "re": 0.00012089591226022156,
        "im": 0.2358626076403442,
        "abs": 0.23586263862410375
      },
      {
        "re": 0.00012089591226022156,
        "im": -0.2358626076403442,
        "abs": 0.23586263862410375
      },
      {
        "re": 0.02879904735455059,
        "im": 0.0,
        "abs": 0.02879904735455059
      },
      {
        "re": 0.09054112924559322,
        "im": 0.0,
        "abs": 0.09054112924559322
      },
      {
        "re": 0.93539463651781,
        "im": 0.30341925339958403,
        "abs": 0.9833749891876683
      },
      {
        "re": 0.93539463651781,
        "im": -0.30341925339958403,
        "abs": 0.9833749891876683
      },
      {
        "re": 0.6602605390979104,
        "im": 0.24641659273139926,
        "abs": 0.7047447173716278
      },
      {
        "re": 0.6602605390979104,
        "im": -0.24641659273139926,
        "abs": 0.7047447173716278
      },
      {
        "re": 0.9924642005331017,
        "im": 0.0,
        "abs": 0.9924642005331017
      },
      {
        "re": 0.9098917964299118,
        "im": 0.0,
        "abs": 0.9098917964299118
      },
      {
        "re": 0.9323833377812016,
        "im": 0.0,
        "abs": 0.9323833377812016
      },
      {
        "re": 0.9417223615187283,
        "im": 0.0,
        "abs": 0.9417223615187283
      }
    ],
    "polar": [
      {
        "abs": 0.9690878587019056,
        "ang_rad": 1.569685968581274
      },
      {
        "abs": 0.9690878587019056,
        "ang_rad": -1.569685968581274
      },
      {
        "abs": 0.23586263862410375,
        "ang_rad": 1.5702837576221813
      },
      {
        "abs": 0.23586263862410375,
        "ang_rad": -1.5702837576221813
      },
      {
        "abs": 0.02879904735455059,
        "ang_rad": 0.0
      },
      {
        "abs": 0.09054112924559322,
        "ang_rad": 0.0
      },
      {
        "abs": 0.9833749891876683,
        "ang_rad": 0.3136671021039084
      },
      {
        "abs": 0.9833749891876683,
        "ang_rad": -0.3136671021039084
      },
      {
        "abs": 0.7047447173716278,
        "ang_rad": 0.3572014386777296
      },
      {
        "abs": 0.7047447173716278,
        "ang_rad": -0.3572014386777296
      },
      {
        "abs": 0.9924642005331017,
        "ang_rad": 0.0
      },
      {
        "abs": 0.9098917964299118,
        "ang_rad": 0.0
      },
      {
        "abs": 0.9323833377812016,
        "ang_rad": 0.0
      },
      {
        "abs": 0.9417223615187283,
        "ang_rad": 0.0
      }
    ]
  },
  "disturbance": {
    "Sigma_nom": [
      [
        1.0,
        0.0,
        0.0,
        0.0,
        0.0,
        0.0,
        0.0,
        0.0,
        0.0,
        0.0,
        0.0,
        0.0
      ],
      [
        0.0,
        1.0,
        0.0,
        0.0,
        0.0,
        0.0,
        0.0,
        0.0,
        0.0,
        0.0,
        0.0,
        0.0
      ],
      [
        0.0,
        0.0,
        1.0,
        0.0,
        0.0,
        0.0,
        0.0,
        0.0,
        0.0,
        0.0,
        0.0,
        0.0
      ],
      [
        0.0,
        0.0,
        0.0,
        1.0,
        0.0,
        0.0,
        0.0,
        0.0,
        0.0,
        0.0,
        0.0,
        0.0
      ],
      [
        0.0,
        0.0,
        0.0,
        0.0,
        1.0,
        0.0,
        0.0,
        0.0,
        0.0,
        0.0,
        0.0,
        0.0
      ],
      [
        0.0,
        0.0,
        0.0,
        0.0,
        0.0,
        1.0,
        0.0,
        0.0,
        0.0,
        0.0,
        0.0,
        0.0
      ],
      [
        0.0,
        0.0,
        0.0,
        0.0,
        0.0,
        0.0,
        1.0,
        0.0,
        0.0,
        0.0,
        0.0,
        0.0
      ],
      [
        0.0,
        0.0,
        0.0,
        0.0,
        0.0,
        0.0,
        0.0,
        1.0,
        0.0,
        0.0,
        0.0,
        0.0
      ],
      [
        0.0,
        0.0,
        0.0,
        0.0,
        0.0,
        0.0,
        0.0,
        0.0,
        1.0,
        0.0,
        0.0,
        0.0
      ],
      [
        0.0,
        0.0,
        0.0,
        0.0,
        0.0,
        0.0,
        0.0,
        0.0,
        0.0,
        1.0,
        0.0,
        0.0
      ],
      [
        0.0,
        0.0,
        0.0,
        0.0,
        0.0,
        0.0,
        0.0,
        0.0,
        0.0,
        0.0,
        1.0,
        0.0
      ],
      [
        0.0,
        0.0,
        0.0,
        0.0,
        0.0,
        0.0,
        0.0,
        0.0,
        0.0,
        0.0,
        0.0,
        1.0
      ]
    ]
  },
  "dro_variables": {
    "Q": [
      [
        293.5308062777536,
        288.50399593333555,
        0.17969318232520146,
        0.062482050731892114,
        0.06503560815819581,
        5.016808709352187e-07,
        -1.6051904763778168e-08,
        0.0010597481787997713,
        -4.188826422704007e-05,
        -1.473649525849546e-06,
        -1.197898703240427e-07,
        -8.082728104371705e-09
      ],
      [
        288.50399593333555,
        293.44546368107115,
        -0.1769666910983644,
        0.06769651527735669,
        0.06604454612680194,
        1.0938660142802802e-06,
        6.998009604915266e-08,
        0.001696079871014505,
        6.093185267363752e-07,
        1.4602254903532603e-06,
        -2.6379639015259553e-07,
        -6.926702219441385e-09
      ],
      [
        0.17969318232520146,
        -0.1769666910983644,
        0.012776042462276914,
        -0.00017455866395544586,
        -3.644170093803131e-05,
        -1.5240376996387686e-08,
        1.4901715828083562e-09,
        -2.247424981280074e-05,
        -1.5283950689117545e-06,
        -1.049757711074054e-07,
        5.1554775420753886e-09,
        -3.658978425404951e-11
      ],
      [
        0.062482050731892114,
        0.06769651527735669,
        -0.00017455866395544586,
        0.5727073399748238,
        -0.014496278934497862,
        7.769296225289218e-06,
        -3.2839605765719983e-07,
        0.013983938485627102,
        -0.00037355710978007034,
        -1.221252996360253e-07,
        -3.035386173897341e-09,
        -4.172773632617598e-09
      ],
      [
        0.06503560815819581,
        0.06604454612680194,
        -3.644170093803131e-05,
        -0.014496278934497862,
        0.00039756251108664177,
        -2.9575130952954153e-06,
        -2.4908399532941723e-06,
        -0.00035395876037556733,
        9.466077190800068e-06,
        3.6045417978096954e-09,
        -1.6428566592940347e-09,
        -2.2244158337401446e-09
      ],
      [
        5.016808709352187e-07,
        1.0938660142802802e-06,
        -1.5240376996387686e-08,
        7.769296225289218e-06,
        -2.9575130952954153e-06,
        0.0026558626749183765,
        1.6129155626109578e-06,
        2.2048253811492513e-07,
        -1.5021285204688163e-08,
        1.1955344236436714e-08,
        -3.6290746361830093e-07,
        2.144082170008685e-06
      ],
      [
        -1.6051904763778168e-08,
        6.998009604915266e-08,
        1.4901715828083562e-09,
        -3.2839605765719983e-07,
        -2.4908399532941723e-06,
        1.6129155626109578e-06,
        9.324491532690766e-05,
        -1.799753595405412e-09,
        -1.806036672997504e-09,
        -5.802970502109557e-09,
        6.371874870289632e-08,
        4.042053603131808e-09
      ],
      [
        0.0010597481787997713,
        0.001696079871014505,
        -2.247424981280074e-05,
        0.013983938485627102,
        -0.00035395876037556733,
        2.2048253811492513e-07,
        -1.799753595405412e-09,
        0.00046296925435867326,
        -3.0469198503949437e-06,
        5.826866886586803e-07,
        1.9883056726246045e-06,
        1.7254909206417345e-08
      ],
      [
        -4.188826422704007e-05,
        6.093185267363752e-07,
        -1.5283950689117545e-06,
        -0.00037355710978007034,
        9.466077190800068e-06,
        -1.5021285204688163e-08,
        -1.806036672997504e-09,
        -3.0469198503949437e-06,
        2.2284567379370173e-05,
        1.066136223588191e-07,
        -4.146482148051732e-07,
        9.308953051636062e-09
      ],
      [
        -1.473649525849546e-06,
        1.4602254903532603e-06,
        -1.049757711074054e-07,
        -1.221252996360253e-07,
        3.6045417978096954e-09,
        1.1955344236436714e-08,
        -5.802970502109557e-09,
        5.826866886586803e-07,
        1.066136223588191e-07,
        5.04574369838877e-05,
        -3.437170180717318e-07,
        -6.113325355983064e-09
      ],
      [
        -1.197898703240427e-07,
        -2.6379639015259553e-07,
        5.1554775420753886e-09,
        -3.035386173897341e-09,
        -1.6428566592940347e-09,
        -3.6290746361830093e-07,
        6.371874870289632e-08,
        1.9883056726246045e-06,
        -4.146482148051732e-07,
        -3.437170180717318e-07,
        4.302812843211106e-05,
        -9.590032530796814e-08
      ],
      [
        -8.082728104371705e-09,
        -6.926702219441385e-09,
        -3.658978425404951e-11,
        -4.172773632617598e-09,
        -2.2244158337401446e-09,
        2.144082170008685e-06,
        4.042053603131808e-09,
        1.7254909206417345e-08,
        9.308953051636062e-09,
        -6.113325355983064e-09,
        -9.590032530796814e-08,
        2.3327144954959855e-05
      ]
    ],
    "X": [
      [
        67752.77140450344,
        -4497.16204970006,
        -88.38233241874775,
        -4.253077446542258,
        0.37773541500412045,
        -255.50677345956038,
        -20.237332848504344
      ],
      [
        -4497.16204970006,
        62855.20332610848,
        8.070864162162549,
        -294.6492604613303,
        0.23817507466808585,
        854.7678285721983,
        -176.86883730017362
      ],
      [
        -88.38233241874775,
        8.070864162162549,
        712.1647708455623,
        -238.1191611999072,
        -4.637941621543425,
        4.996290804757589,
        4.135039003979063
      ],
      [
        -4.253077446542258,
        -294.6492604613303,
        -238.1191611999072,
        211711.12731198073,
        141.4362262426433,
        -8.672263317269547,
        -2.192366871372564
      ],
      [
        0.37773541500412045,
        0.23817507466808585,
        -4.637941621543425,
        141.4362262426433,
        172.4660273868581,
        0.15042230172517998,
        0.019008298352135838
      ],
      [
        -255.50677345956038,
        854.7678285721983,
        4.996290804757589,
        -8.672263317269547,
        0.15042230172517998,
        7122.308068500668,
        789.189225445061
      ],
      [
        -20.237332848504344,
        -176.86883730017362,
        4.135039003979063,
        -2.192366871372564,
        0.019008298352135838,
        789.189225445061,
        199.58736977885545
      ]
    ],
    "Y": [
      [
        0.0001259732665418613,
        -1.4919257075397817e-05,
        1.8754500293803912e-06,
        -3.364824602881018e-09,
        1.5502967920240568e-08,
        0.0006621569998579964,
        6.0794396364831874e-05
      ],
      [
        -1.4919257075397817e-05,
        0.0007931002175826629,
        -2.4809204039838172e-05,
        7.31053291588695e-09,
        -8.273987957296989e-07,
        -0.0006991996192431609,
        -0.00011850586578456519
      ],
      [
        1.8754500293803912e-06,
        -2.4809204039838172e-05,
        0.0301634888719702,
        1.0512467388601367e-06,
        1.2851384783783247e-08,
        0.0013088005018259121,
        -0.00016621945098306665
      ],
      [
        -3.364824602881018e-09,
        7.31053291588695e-09,
        1.0512467388601367e-06,
        6.513679812537351e-05,
        -3.84790203818286e-05,
        -2.9146170862025427e-07,
        3.209540747223804e-08
      ],
      [
        1.5502967920240568e-08,
        -8.273987957296989e-07,
        1.2851384783783247e-08,
        -3.84790203818286e-05,
        0.060444277485962324,
        3.6444687465958154e-07,
        -2.105316704794873e-06
      ],
      [
        0.0006621569998579964,
        -0.0006991996192431609,
        0.0013088005018259121,
        -2.9146170862025427e-07,
        3.6444687465958154e-07,
        0.028116722215470877,
        -0.02500965574577717
      ],
      [
        6.0794396364831874e-05,
        -0.00011850586578456519,
        -0.00016621945098306665,
        3.209540747223804e-08,
        -2.105316704794873e-06,
        -0.02500965574577717,
        0.7582515309551016
      ]
    ],
    "K": [
      [
        0.9466707723696642,
        0.00033721429920492805,
        -0.01922526471729016,
        1.310615577512051e-05,
        0.0005719704668757406,
        0.011515268396413897,
        0.09181868601779994
      ],
      [
        -0.0013410569363376602,
        0.9876829394237135,
        0.37561049431275373,
        0.0016293455986337213,
        -0.014949327988817679,
        0.032725492165976235,
        0.04451378916085839
      ],
      [
        -0.0021447690648942123,
        -0.031998353654098706,
        0.2637907489021554,
        0.0007024512402253164,
        0.0051484265345627675,
        -0.004873848191164041,
        0.013341297680797237
      ],
      [
        8.275155222173376e-05,
        -0.0006383658419209631,
        0.02314178037034171,
        -0.003700783857274704,
        6.214994783399283,
        0.00265838986027292,
        0.004953234511333367
      ],
      [
        -3.594352970815961e-06,
        2.3230597234085225e-05,
        -0.0009789057284256698,
        -0.032247537850259626,
        0.004218084524662133,
        8.176004481511487e-05,
        -0.00015144813612744947
      ],
      [
        -0.0006549311946530418,
        0.013722832172214903,
        0.01976317406793581,
        2.4186904021718702e-05,
        0.0004945716364301305,
        0.4279571562651928,
        0.3639875481141367
      ],
      [
        -0.00019793579874603507,
        0.0015242585096938428,
        -0.0008511341551069683,
        5.621288301328998e-07,
        0.00022638035498082721,
        -0.08234551248542075,
        0.24112327383880167
      ]
    ],
    "L": [
      [
        -4500.967799738639,
        211.36603065346677,
        -0.09229509260165791
      ],
      [
        24.050649370234385,
        -2810.840098311027,
        8.20214916232402
      ],
      [
        14.57498414975968,
        -591.6912876411471,
        6.767702121152623
      ],
      [
        3.6043629999537856,
        197.1248464166579,
        -6071.5341944475895
      ],
      [
        -0.11683159849698813,
        9.2017268160285,
        -4.382463858221827
      ],
      [
        40.810707764515676,
        -27.602763476972164,
        0.5249331606224752
      ],
      [
        5.6210812121411875,
        7.934413556519263,
        0.10534715798647126
      ]
    ],
    "M": [
      [
        0.0006370302657338245,
        -0.0006913236826677266,
        0.0006547528375838577,
        -1.6687681861981818e-07,
        -2.6315535631128313e-06,
        0.017858313984106002,
        -0.10639567807048492
      ]
    ],
    "N": [
      [
        0.26864109946591885,
        -0.015213760254050027,
        0.0003491427464560244
      ]
    ],
    "Pbar": [
      [
        0.0001259732665418613,
        -1.4919257075397817e-05,
        1.8754500293803912e-06,
        -3.364824602881018e-09,
        1.5502967920240568e-08,
        0.0006621569998579964,
        6.0794396364831874e-05,
        1.0,
        0.0,
        0.0,
        0.0,
        0.0,
        0.0,
        0.0
      ],
      [
        -1.4919257075397817e-05,
        0.0007931002175826629,
        -2.4809204039838172e-05,
        7.31053291588695e-09,
        -8.273987957296989e-07,
        -0.0006991996192431609,
        -0.00011850586578456519,
        0.0,
        1.0,
        0.0,
        0.0,
        0.0,
        0.0,
        0.0
      ],
      [
        1.8754500293803912e-06,
        -2.4809204039838172e-05,
        0.0301634888719702,
        1.0512467388601367e-06,
        1.2851384783783247e-08,
        0.0013088005018259121,
        -0.00016621945098306665,
        0.0,
        0.0,
        1.0,
        0.0,
        0.0,
        0.0,
        0.0
      ],
      [
        -3.364824602881018e-09,
        7.31053291588695e-09,
        1.0512467388601367e-06,
        6.513679812537351e-05,
        -3.84790203818286e-05,
        -2.9146170862025427e-07,
        3.209540747223804e-08,
        0.0,
        0.0,
        0.0,
        1.0,
        0.0,
        0.0,
        0.0
      ],
      [
        1.5502967920240568e-08,
        -8.273987957296989e-07,
