{
  "prob": "DDD",
  "meta": {
    "model": "independent",
    "disturbance_type": "2W_independent",
    "gamma": 0.5,
    "objective": 7.401602695301861,
    "spectral_radius_Acl": 1.000049671496898,
    "Z_cost": 2.7800152652422163,
    "lambda_opt": 8.492202739203092,
    "trace_Q_Sigma": 4.653842886481955,
    "real_Z_mats": false,
    "N_sims": 71,
    "SNR": -1.3346459615437887
  },
  "solver_performance": {
    "solver": "SCS",
    "status": "optimal_inaccurate",
    "num_violations": 5,
    "tot_constraints:": 17,
    "Time_seconds": 21.384564500000124,
    "attempt": 1,
    "Total_time": 21.384564500000124,
    "stress": 1.102576814225039
  },
  "problem_params": {
    "Methodology": "Young",
    "FROM_DATA": true,
    "augmented": false,
    "reg_fro": false,
    "non_convex": false,
    "N_sims": 71
  },
  "controller": {
    "Ac": [
      [
        0.6042000323422931,
        0.12516032447671674,
        0.05297250692028321,
        0.0058635061873411765,
        -0.5815042278125504,
        0.023922723437721352,
        -0.03426155467299304
      ],
      [
        0.7403874515109033,
        -0.0038632716926103225,
        -0.389927497039184,
        -0.004450547848621458,
        0.39978381074930425,
        -0.07444167023537616,
        0.035208544817297245
      ],
      [
        0.5062056175037128,
        -0.39073686803138397,
        0.17494649968660622,
        -0.0024938983323503374,
        0.35278234236943967,
        0.08957846938541014,
        -0.0028172886205141954
      ],
      [
        -0.0036672238789054678,
        0.008256430040533396,
        0.02401848866907474,
        0.08460588492858805,
        -0.029070094986094887,
        7.4082015232468335,
        -0.014963558241396462
      ],
      [
        0.0740021334997483,
        -0.4000136312673719,
        0.11692672461049537,
        -0.006428156952549076,
        0.8171364474348212,
        0.1278515712834929,
        -0.02619246905851895
      ],
      [
        0.0001361800095419893,
        -0.00039850981579470947,
        -0.00043583341778415054,
        -0.03688552783759548,
        -0.00048794086113081625,
        -0.08890581797504138,
        0.0009765342517681593
      ],
      [
        -0.16784520474079784,
        0.7248653062935118,
        0.04505723019076836,
        -0.003096866621012539,
        0.21500010301111355,
        -0.06682813803092355,
        -0.45317788440177365
      ]
    ],
    "Bc": [
      [
        -2.03437899870761,
        -23.401905582546114,
        -0.10344399702141259
      ],
      [
        32.2978202376454,
        67.5011813905549,
        0.44878366255627294
      ],
      [
        -6.349944692387642,
        48.4901226819024,
        -0.3617199651213982
      ],
      [
        0.16485145834040346,
        -0.9889942423388249,
        108.28585156279463
      ],
      [
        21.345582422208818,
        15.637172020303664,
        0.765398590001202
      ],
      [
        0.008053262658914399,
        0.031177314126259494,
        -1.289041634890398
      ],
      [
        -31.70574615846675,
        -36.26818417075463,
        0.35834810727776206
      ]
    ],
    "Cc": [
      [
        -0.03346265942518897,
        0.08531009434820908,
        0.09716777730257253,
        0.0008360954788296859,
        -0.08618653703770175,
        0.007146962197175371,
        0.0018010614112056172
      ]
    ],
    "Dc": [
      [
        -1.2188920855497878,
        -6.996012667057821,
        -0.04146879892822413
      ]
    ]
  },
  "plant": {
    "A": [
      [
        1.0000306643164094,
        0.0032840610398319446,
        0.0002496085917808851,
        -0.010743484068322836,
        0.00022621069561266306,
        -0.001380380436081057,
        -0.00017261605529107792
      ],
      [
        4.110964314847193e-05,
        0.9526319859869112,
        0.048687787104864266,
        0.00039014336013475505,
        -8.500675809304763e-06,
        -0.0013102085545227222,
        -1.6524014941728925e-05
      ],
      [
        0.0050893010827413486,
        -1.9149001774599277,
        0.9212999882667973,
        0.015198628258332514,
        -0.0003180133733208144,
        -0.04623252876059586,
        -0.0007253078514366879
      ],
      [
        1.0294828209222317e-06,
        -6.544916759323162e-06,
        6.40099376204351e-08,
        0.02047778068303547,
        0.031019576846466588,
        -9.285060363838179e-06,
        5.6478612140908405e-08
      ],
      [
        3.363296553376359e-05,
        -0.00015562047627703173,
        -7.731028882959644e-06,
        -30.434700529566253,
        -0.018319514063018714,
        -0.00028520691698956244,
        -9.453496605854263e-07
      ],
      [
        -6.577899283134828e-05,
        1.8128145915537994e-06,
        -0.0001116319646433956,
        7.572081605688963e-05,
        -4.658029536305059e-06,
        0.9014430313042563,
        0.03445511026091666
      ],
      [
        0.0023401010479086755,
        -0.002490820122296364,
        0.002992006679468708,
        -0.002160611241082383,
        0.00013338117876018237,
        -3.4422202091617486,
        0.4198266225513879
      ]
    ],
    "Bw": [
      [
        3.3434482030303414e-05,
        0.0001,
        0.0
      ],
      [
        0.0016541471881763936,
        0.0,
        0.0
      ],
      [
        -0.029442271121111672,
        0.0,
        0.0
      ],
      [
        1.4569156237756298e-05,
        0.0,
        0.0
      ],
      [
        -1.125262813004617e-05,
        0.0,
        0.0
      ],
      [
        0.035000969197636594,
        0.0,
        0.0
      ],
      [
        -0.9989521245619282,
        0.0,
        0.0
      ]
    ],
    "Bu": [
      [
        0.0006079744245427966
      ],
      [
        -4.20354925150574e-05
      ],
      [
        -0.002787651796179688
      ],
      [
        -1.108772581574368e-06
      ],
      [
        -4.446379084581303e-05
      ],
      [
        0.0984885324106506
      ],
      [
        3.4444478309101476
      ]
    ],
    "Cz": [
      [
        1.0000030035361325,
        -3.216169772705147e-06,
        3.860467787666737e-06,
        -2.7822950539273615e-06,
        1.71794684769328e-07,
        8.791052836319175e-06,
        1.3140477194782389e-06
      ],
      [
        -6.858183938284751e-06,
        1.0000056590700817,
        -8.80471709304493e-06,
        6.197365067015177e-06,
        -3.8577331707294326e-07,
        -1.9962357338295086e-05,
        -2.9726779890452337e-06
      ],
      [
        4.845231498009033e-05,
        -5.175693213480614e-05,
        1.0000619724974615,
        -4.470961022231069e-05,
        2.7599104006041027e-06,
        0.00014121525582763708,
        2.1109768493294636e-05
      ],
      [
        7.2506110005955195e-09,
        -1.4214617939921017e-07,
        1.1070185566398915e-08,
        0.9999894443419187,
        -9.323138348238268e-09,
        2.1994457646607067e-08,
        4.238414375568327e-09
      ],
      [
        -1.3135919674831535e-06,
        1.4077490362259965e-06,
        -1.6815407210299218e-06,
        1.202509840909383e-06,
        0.9999999137936953,
        -3.828683396261693e-06,
        -5.723373785843081e-07
      ],
      [
        -0.0001870945059731584,
        0.00019981099880198513,
        -0.00023944808231567464,
        0.0001726602274965325,
        -1.0659167276185903e-05,
        0.9994546874577204,
        -8.151295587446589e-05
      ],
      [
        0.0016991082645918367,
        -0.001814220135474415,
        0.002174546631934609,
        -0.001567981985659333,
        9.679935562983348e-05,
        0.004952161243561348,
        1.0007402423856862
      ],
      [
        0.00028540130201392435,
        -0.0003048375461574398,
        0.0003652607251722434,
        -0.0002633845985473123,
        1.6259954442110667e-05,
        0.0008318360245093956,
        0.0001243444193607702
      ]
    ],
    "Dzw": [
      [
        -0.0012869717289230378,
        0.0,
        0.0
      ],
      [
        0.0029281280125837868,
        0.0,
        0.0
      ],
      [
        -0.02067327227121419,
        0.0,
        0.0
      ],
      [
        -2.5741400530416935e-06,
        0.0,
        0.0
      ],
      [
        0.0005604562769821579,
        0.0,
        0.0
      ],
      [
        0.07982832649841146,
        0.0,
        0.0
      ],
      [
        -0.7249654763826625,
        0.0,
        0.0
      ],
      [
        -0.1217732063922789,
        0.0,
        0.0
      ]
    ],
    "Dzu": [
      [
        -5.92011761449737e-06
      ],
      [
        1.3371982193241111e-05
      ],
      [
        -9.510277896128444e-05
      ],
      [
        -2.0602094040676357e-08
      ],
      [
        2.5787082012463976e-06
      ],
      [
        0.00036724836756640996
      ],
      [
        -0.00333503707184109
      ],
      [
        0.9994397764737136
      ]
    ],
    "Cy": [
      [
        1.000002948183847,
        1.4383335038851323e-05,
        3.8602520427591164e-06,
        -1.2125451273169578e-06,
        9.043457816799269e-08,
        5.933264503746353e-06,
        4.22096536811775e-07
      ],
      [
        4.756311709883369e-05,
        0.00023096748736355652,
        1.0000619690316628,
        -1.9492614544442162e-05,
        1.4529140302283833e-06,
        9.53067739684876e-05,
        6.781161919117068e-06
      ],
      [
        -1.2894814010629596e-06,
        -6.25831274667335e-06,
        -1.6814467459981612e-06,
        5.187519711068951e-07,
        0.9999999492328534,
        -2.5838766727129227e-06,
        -1.8381776130636366e-07
      ]
    ],
    "Dyw": [
      [
        -0.001286971715127132,
        0.0,
        0.0001
      ],
      [
        -0.020673272049592538,
        0.0,
        0.0
      ],
      [
        0.0005604562709729163,
        0.0,
        0.0
      ]
    ]
  },
  "plant_dims": {
    "nx": 7,
    "nu": 1,
    "nw": 3,
    "ny": 3,
    "nz": 8
  },
  "initial_conds": {
    "X": [
      [
        0.07
      ],
      [
        0.0
      ],
      [
        0.0
      ],
      [
        0.0
      ],
      [
        0.0
      ],
      [
        0.0
      ],
      [
        0.0
      ]
    ],
    "Xc": [
      [
        0.0
      ],
      [
        0.0
      ],
      [
        0.0
      ],
      [
        0.0
      ],
      [
        0.0
      ],
      [
        0.0
      ],
      [
        0.0
      ]
    ]
  },
  "composite_closed_loop": {
    "Acl": [
      [
        0.999289404645052,
        0.003283068142404941,
        -0.0040040545807144765,
        -0.01074340027301486,
        0.00020099248089086805,
        -0.0013807901453381027,
        -0.00017264520642574962,
        -2.0344441107700856e-05,
        5.1866355519044096e-05,
        5.907552348963415e-05,
        5.083246676043122e-07,
        -5.239921025883315e-05,
        4.345170229056817e-06,
        1.0949992750439721e-06
      ],
      [
        9.236050849612492e-05,
        0.9526320546360693,
        0.04898188636172605,
        0.0003901375665077552,
        -6.757082603096622e-06,
        -0.0013101802271298045,
        -1.6521999425526546e-05,
        1.406619369801446e-06,
        -3.586051832432983e-06,
        -4.084495375507052e-06,
        -3.514568524221859e-08,
        3.622893532547029e-06,
        -3.004260759447635e-07,
        -7.570850346989243e-08
      ],
      [
        0.008488085259968994,
        -1.9148956248797795,
        0.9408036570141581,
        0.015198244044570612,
        -0.00020238416470974005,
        -0.046230650183635695,
        -0.0007251741892139894,
        9.328224265157721e-05,
        -0.0002378148377420437,
        -0.00027086992892830426,
        -2.3307430633372902e-06,
        0.0002402580547796565,
        -1.9923242006184253e-05,
        -5.020732077977263e-06
      ],
      [
        2.3813298168645823e-06,
        -6.543105996569111e-06,
        7.821482795894435e-06,
        0.02047778053021664,
        0.03101962283732395,
        -9.284313170580878e-06,
        5.653177552663811e-08,
        3.710247927721064e-08,
        -9.458949354481668e-08,
        -1.0773696728561663e-07,
        -9.270397425046482e-10,
        9.556126916824745e-08,
        -7.924355725776554e-09,
        -1.9969675104764265e-09
      ],
      [
        8.78444811159513e-05,
        -0.00015554786140748546,
        0.00030335769787162727,
        -30.434700535694567,
        -0.018317669746252038,
        -0.0002851769531852025,
        -9.432177124266937e-07,
        1.4878766898262766e-06,
        -3.7932101921353445e-06,
        -4.320447726934124e-06,
        -3.717597449781305e-08,
        3.832180156569289e-06,
        -3.17781032318138e-07,
        -8.008201788831141e-08
      ],
      [
        -0.1201457925922466,
        -0.00015903113948344011,
        -0.6891818071506235,
        8.929519776176186e-05,
        -0.0040898709228813284,
        0.9013766606448789,
        0.034450387936496386,
        -0.003295688217344287,
        0.00840206599216925,
        0.009569911784135295,
        8.234581666511596e-05,
        -0.008488385546399427,
        0.0007038938179942012,
        0.00017738389517109654
      ],
      [
        -4.197228440126119,
        -0.00811602942502644,
        -24.095917908720555,
        -0.0016858732337746679,
        -0.1427391172215384,
        -3.444541395884029,
        0.4196614682973023,
        -0.11526038467357716,
        0.2938461694324288,
        0.33468933976420623,
        0.002879887258488693,
        -0.2968650305531689,
        0.02461733843765753,
        0.006203662071163157
      ],
      [
        -2.0354979306173613,
        -0.005433693101769151,
        -23.40336345525424,
        0.00045857743969064544,
        -0.10347817670501758,
        -0.0022421633479569737,
        -0.00015953180045709885,
        0.6042000323422931,
        0.12516032447671674,
        0.05297250692028321,
        0.0058635061873411765,
        -0.5815042278125504,
        0.023922723437721352,
        -0.03426155467299304
      ],
      [
        32.30112544545393,
        0.0160523200008349,
        67.50548829652249,
        -0.0013547042672831233,
        0.4488846340260552,
        0.006623791746123126,
        0.000471286744401762,
        0.7403874515109033,
        -0.0038632716926103225,
        -0.389927497039184,
        -0.004450547848621458,
        0.39978381074930425,
        -0.07444167023537616,
        0.035208544817297245
      ],
      [
        -6.3476566053775905,
        0.011110572172469257,
        48.493103663676095,
        -0.0009376873191004442,
        -0.3616500690329053,
        0.004584695900484141,
        0.00032620557427443664,
        0.5062056175037128,
        -0.39073686803138397,
        0.17494649968660622,
        -0.0024938983323503374,
        0.35278234236943967,
        0.08957846938541014,
        -0.0028172886205141954
      ],
      [
        0.16466527211226317,
        -0.0009037411265328854,
        -0.9892369698789117,
        7.525169266122996e-05,
        108.2858446434156,
        -0.00037307702924251935,
        -2.654180968014633e-05,
        -0.0036672238789054678,
        0.008256430040533396,
        0.02401848866907474,
        0.08460588492858805,
        -0.029070094986094887,
        7.4082015232468335,
        -0.014963558241396462
      ],
      [
        21.34638811858677,
        0.003913908890827201,
        15.638222153062888,
        -0.0003302947966854615,
        0.7654232009894631,
        0.0016149997101808924,
        0.00011490739798808968,
        0.0740021334997483,
        -0.4000136312673719,
        0.11692672461049537,
        -0.006428156952549076,
        0.8171364474348212,
        0.1278515712834929,
        -0.02619246905851895
      ],
      [
        0.008056431486869287,
        1.538400437609274e-05,
        0.03118144469671182,
        -1.2861852001284866e-06,
        -1.2890415234231818,
        6.34991597839846e-06,
        4.5176641712795274e-07,
        0.0001361800095419893,
        -0.00039850981579470947,
        -0.00043583341778415054,
        -0.03688552783759548,
        -0.00048794086113081625,
        -0.08890581797504138,
        0.0009765342517681593
      ],
      [
        -31.707565122809324,
        -0.008835048393339434,
        -36.27055466972249,
        0.0007455922760667487,
        0.3582925272360392,
        -0.0036456481365715206,
        -0.0002593891857716159,
        -0.16784520474079784,
        0.7248653062935118,
        0.04505723019076836,
        -0.003096866621012539,
        0.21500010301111355,
        -0.06682813803092355,
        -0.45317788440177365
      ]
    ],
    "Bcl": [
      [
        0.00012230569759586366,
        0.0001,
        -7.410552142919015e-08
      ],
      [
        0.0016480026117503056,
        0.0,
        5.123672913879081e-09
      ],
      [
        -0.029849758662855407,
        0.0,
        3.397846711632072e-07
      ],
      [
        1.440708039520029e-05,
        0.0,
        1.3514741243556035e-10
      ],
      [
        -1.7752163277584397e-05,
        0.0,
        5.419656275550261e-09
      ],
      [
        0.04939762017713264,
        0.0,
        -1.2004689267275579e-05
      ],
      [
        -0.4954568238914404,
        0.0,
        -0.0004198410200185513
      ],
      [
        0.48635417297921435,
        0.0,
        -0.00020343789987076102
      ],
      [
        -1.4367851440439552,
        0.0,
        0.0032297820237645403
      ],
      [
        -0.9944800269321499,
        0.0,
        -0.0006349944692387642
      ],
      [
        0.08092307242928024,
        0.0,
        1.648514583404035e-05
      ],
      [
        -0.35031369964275183,
        0.0,
        0.0021345582422208817
      ],
      [
        -0.0013773528857837832,
        0.0,
        8.0532626589144e-07
      ],
      [
        0.7907872750635987,
        0.0,
        -0.003170574615846675
      ]
    ],
    "Ccl": [
      [
        1.0000102215115279,
        -3.206501488465369e-06,
        4.528027963676851e-05,
        -2.7831110061430147e-06,
        4.1735566752439506e-07,
        8.795042357739066e-06,
        1.3143315770533044e-06,
        1.9810287949098767e-07,
        -5.050457922452651e-07,
        -5.752446699705174e-07,
        -4.949783571621237e-09,
        5.102344360494282e-07,
        -4.231085679364474e-08,
        -1.0662495385269866e-08
      ],
      [
        -2.3161684095242e-05,
        1.000005637231981,
        -0.00010236113312391295,
        6.199208087578068e-06,
        -9.404307246748584e-07,
        -1.9971368613553485e-05,
        -2.973319148340768e-06,
        -4.474620859721188e-07,
        1.140765062527971e-06,
        1.2993257878468178e-06,
        1.118025385475996e-08,
        -1.1524848385652634e-06,
        9.556905123639644e-08,
        2.408376111957522e-08
      ],
      [
        0.0001644043218939253,
        -5.160161753484974e-05,
        1.0007273544150872,
        -4.472271795568042e-05,
        6.7046853840068075e-06,
        0.00014127934485398143,
        2.1114328477736806e-05,
        3.1823919027704886e-06,
        -8.113227045964049e-06,
        -9.240925646965867e-06,
        -7.95150035136689e-08,
        8.196579181335105e-06,
        -6.796959660826251e-07,
        -1.7128594528558685e-07
      ],
      [
        3.2369268696355033e-08,
        -1.421125336316612e-07,
        1.5521172369608779e-07,
        0.9999894443390792,
        -8.46858261322179e-09,
        2.2008341238255413e-08,
        4.239402203992771e-09,
        6.894008563288682e-10,
        -1.757566586380776e-09,
        -2.001859685711097e-09,
        -1.7225317681833517e-11,
        1.7756231410909673e-09,
        -1.472423872913659e-10,
        -3.710563656669139e-11
      ],
      [
        -4.4576261844160605e-06,
        1.4035376868095518e-06,
        -1.9723345878380635e-05,
        1.2028652565965949e-06,
        0.9999998068312731,
        -3.830421167751118e-06,
        -5.724610223874336e-07,
        -8.629043429524986e-08,
        2.199898399448307e-07,
        2.505673442270274e-07,
        2.156046268283145e-09,
        -2.2224992989614792e-07,
        1.8429930031854104e-08,
        4.644411832024335e-09
      ],
      [
        -0.0006348541373977063,
        0.00019921123679801216,
        -0.002808883231583726,
        0.0001727108442475371,
        -2.5892288630728173e-05,
        0.9994544399718891,
        -8.153056468527884e-05,
        -1.2289107048331393e-05,
        3.13299928863162e-05,
        3.568470759442622e-05,
        3.07054699729858e-07,
        -3.16518650332979e-05,
        2.6247101999714975e-06,
        6.614368631521175e-07
      ],
      [
        0.005765280103476146,
        -0.0018087736074727083,
        0.025507969550284063,
        -0.0015684416439068975,
        0.0002351335973145589,
        0.004954408699220279,
        1.0007404022939173,
        0.00011159920970539788,
        -0.0002845123272535383,
        -0.0003240581394924786,
        -2.7884094174957294e-06,
        0.00028743529611434046,
        -2.3835383878626713e-05,
        -6.006606575033162e-06
      ],
      [
        -1.2182599360410555,
        -0.0019370463076566228,
        -6.992166001605872,
        -0.00012563478458603474,
        -0.04143957415168935,
        0.00015832129798300026,
        7.642331882739368e-05,
        -0.03344391285612688,
        0.0852623016263255,
        0.09711334162773068,
        0.0008356270784722239,
        -0.08613825331200407,
        0.0071429583008110345,
        0.0018000524142307733
      ]
    ],
    "Dcl": [
      [
        -0.0012878371075104465,
        0.0,
        7.215984505834734e-10
      ],
      [
        0.0029300826742670112,
        0.0,
        -1.6299003263454283e-09
      ],
      [
        -0.020687174006597725,
        0.0,
        1.1592002458970048e-08
      ],
      [
        -2.5771515829131477e-06,
        0.0,
        2.511172937193286e-12
      ],
      [
        0.0005608332220034982,
        0.0,
        -3.143167017441563e-10
      ],
      [
        0.07988200936322051,
        0.0,
        -4.476361286577765e-08
      ],
      [
        -0.725452978465918,
        0.0,
        4.065050291882244e-07
      ],
      [
        0.024320813741192077,
        0.0,
        -0.00012182092335274586
      ]
    ]
  },
  "Acl_eigenvals": {
    "cartesian": [
      {
        "re": -0.5836017194459973,
        "im": 0.0,
        "abs": 0.5836017194459973
      },
      {
        "re": 0.0010791484838491155,
        "im": 0.9714397382743611,
        "abs": 0.9714403376739147
      },
      {
        "re": 0.0010791484838491155,
        "im": -0.9714397382743611,
        "abs": 0.9714403376739147
      },
      {
        "re": 0.9369262960562248,
        "im": 0.30498603409815433,
        "abs": 0.9853158707929945
      },
      {
        "re": 0.9369262960562248,
        "im": -0.30498603409815433,
        "abs": 0.9853158707929945
      },
      {
        "re": 1.000049671496898,
        "im": 0.0,
        "abs": 1.000049671496898
      },
      {
        "re": 0.9876877443141037,
        "im": 0.0,
        "abs": 0.9876877443141037
      },
      {
        "re": 0.7059608249907459,
        "im": 0.23060594757177577,
        "abs": 0.7426707140295026
      },
      {
        "re": 0.7059608249907459,
        "im": -0.23060594757177577,
        "abs": 0.7426707140295026
      },
      {
        "re": -0.002090822644199547,
        "im": 0.5154993137270476,
        "abs": 0.5155035538115974
      },
      {
        "re": -0.002090822644199547,
        "im": -0.5154993137270476,
        "abs": 0.5155035538115974
      },
      {
        "re": 0.36798238038500725,
        "im": 0.0,
        "abs": 0.36798238038500725
      },
      {
        "re": 0.1474981379105279,
        "im": 0.08278104752640011,
        "abs": 0.16914018598973227
      },
      {
        "re": 0.1474981379105279,
        "im": -0.08278104752640011,
        "abs": 0.16914018598973227
      }
    ],
    "polar": [
      {
        "abs": 0.5836017194459973,
        "ang_rad": 3.141592653589793
      },
      {
        "abs": 0.9714403376739147,
        "ang_rad": 1.56968545187654
      },
      {
        "abs": 0.9714403376739147,
        "ang_rad": -1.56968545187654
      },
      {
        "abs": 0.9853158707929945,
        "ang_rad": 0.31470001294224537
      },
      {
        "abs": 0.9853158707929945,
        "ang_rad": -0.31470001294224537
      },
      {
        "abs": 1.000049671496898,
        "ang_rad": 0.0
      },
      {
        "abs": 0.9876877443141037,
        "ang_rad": 0.0
      },
      {
        "abs": 0.7426707140295026,
        "ang_rad": 0.31572846326286563
      },
      {
        "abs": 0.7426707140295026,
        "ang_rad": -0.31572846326286563
      },
      {
        "abs": 0.5155035538115974,
        "ang_rad": 1.5748522219699916
      },
      {
        "abs": 0.5155035538115974,
        "ang_rad": -1.5748522219699916
      },
      {
        "abs": 0.36798238038500725,
        "ang_rad": 0.0
      },
      {
        "abs": 0.16914018598973227,
        "ang_rad": 0.5114276309377466
      },
      {
        "abs": 0.16914018598973227,
        "ang_rad": -0.5114276309377466
      }
    ]
  },
  "disturbance": {
    "Sigma_nom": [
      [
        1.0,
        0.0,
        0.0
      ],
      [
        0.0,
        1.0,
        0.0
      ],
      [
        0.0,
        0.0,
        1.0
      ]
    ]
  },
  "dro_variables": {
    "Q": [
      [
        4.737498010529013,
        0.0005253618962072638,
        0.00012470446838824432
      ],
      [
        0.0005253618962072638,
        -0.04182644621283648,
        -8.618327982614749e-06
      ],
      [
        0.00012470446838824432,
        -8.618327982614749e-06,
        -0.04182867783422076
      ]
    ],
    "X": [
      [
        3730.124245101655,
        -1394.9867436653385,
        1534.884265266793,
        -0.4735434808612091,
        -0.601124524730343,
        279.38297285078045,
        -17.900138446893088
      ],
      [
        -1394.9867436653385,
        28186.591335135396,
        3749.9799056700053,
        -10.872847879506807,
        2.863047393582739,
        -1627.5275072561035,
        18.509106003622367
      ],
      [
        1534.884265266793,
        3749.9799056700053,
        4440.2509848024665,
        7.262286093168721,
        1.6375238150181837,
        -39.02172407973181,
        -72.95647311683777
      ],
      [
        -0.4735434808612091,
        -10.872847879506807,
        7.262286093168721,
        84062.35616105159,
        56.209103338062285,
        5.5648898621036365,
        -0.2233270374888056
      ],
      [
        -0.601124524730343,
        2.863047393582739,
        1.6375238150181837,
        56.209103338062285,
        45.69889581906752,
        -0.14431328892030906,
        -0.026080042129147624
      ],
      [
        279.38297285078045,
        -1627.5275072561035,
        -39.02172407973181,
        5.5648898621036365,
        -0.14431328892030906,
        185.72715035197743,
        1.8097131212848532
      ],
      [
        -17.900138446893088,
        18.509106003622367,
        -72.95647311683777,
        -0.2233270374888056,
        -0.026080042129147624,
        1.8097131212848532,
        5.147707298576251
      ]
    ],
    "Y": [
      [
        1.3170323518406117,
        0.0010241548108530605,
        -0.0005418656565421701,
        2.2979628703978087e-05,
        -8.695673970647623e-05,
        0.0006873301801395525,
        0.0006917738824349472
      ],
      [
        0.0010241548108530605,
        0.8539156612743307,
        0.20655431681349298,
        2.897017245233936e-05,
        3.0236862264103356e-05,
        -0.011212052554887398,
        0.000755560217034882
      ],
      [
        -0.0005418656565421701,
        0.20655431681349298,
        1.4451116613091683,
        -1.8295379406857918e-05,
        -6.186990062001006e-05,
        -0.0021725262346880916,
        2.8518723431195784e-05
      ],
      [
        2.2979628703978087e-05,
        2.897017245233936e-05,
        -1.8295379406857918e-05,
        0.003725052882436389,
        -0.000891541247482856,
        -1.3048796372728544e-05,
        9.943295463470125e-06
      ],
      [
        -8.695673970647623e-05,
        3.0236862264103356e-05,
        -6.186990062001006e-05,
        -0.000891541247482856,
        1.4741515925468618,
        0.0004745037670593967,
        -0.0009449778404251596
      ],
      [
        0.0006873301801395525,
        -0.011212052554887398,
        -0.0021725262346880916,
        -1.3048796372728544e-05,
        0.0004745037670593967,
        1.2288527636567732,
        -0.018150004637651398
      ],
      [
        0.0006917738824349472,
        0.000755560217034882,
        2.8518723431195784e-05,
        9.943295463470125e-06,
        -0.0009449778404251596,
        -0.018150004637651398,
        1.6410113342334984
      ]
    ],
    "K": [
      [
        0.7596160544326978,
        0.10303620335129243,
        0.05663981676981087,
        -0.08969469638167396,
        2.506347326338874,
        0.423636369632234,
        -0.054528130296621416
      ],
      [
        -0.27295233911528594,
        0.7473488373919123,
        0.49076695008658655,
        -0.05198448365192229,
        0.9995571101488365,
        3.3156450180915034,
        0.4930596102145668
      ],
      [
        -0.1245524776717967,
        -0.08421927706151687,
        0.4573564927499956,
        -0.03140592162037923,
        0.1694048403297853,
        1.433540242303132,
        0.08253390619716566
      ],
      [
        -0.01714351966345058,
        -0.05851294629611771,
        0.06502485195953718,
        1.4811840305268051,
        -44.51624474928542,
        0.06035943486723322,
        -0.02586183850147325
      ],
      [
        -0.00031188487532960796,
        -6.242084726703941e-05,
        0.0002518152865416772,
        -0.015687680054169456,
        -0.030692351024630245,
        0.0006619654578372241,
        3.8423096511275e-05
      ],
      [
        -0.029246625862702363,
        -0.2754496809611257,
        -0.06337412382448045,
        0.006810222991332063,
        0.3339247464953015,
        0.6792346012690399,
        0.10428972314214864
      ],
      [
        0.00047304773919148123,
        -0.03435079281462755,
        -0.010125646636312163,
        0.00037805818342677823,
        0.015234423462904954,
        0.0932565682127861,
        -0.07950345583692135
      ]
    ],
    "L": [
      [
        -2121.0341097803303,
        -2047.4700050322729,
        -39.57689494462702
      ],
      [
        197.92627012663905,
        -1693.9801043824461,
        -10.803466402336939
      ],
      [
        -1402.6527829080037,
        -4658.932165320634,
        -2.125418566633626
      ],
      [
        -5.605871735423417,
        8.320737346769507,
        -1913.4487251927144
      ],
      [
        0.07241714427545,
        -1.6795449006990018,
        -1.3619328843798961
      ],
      [
        39.83741393105292,
        -149.40476159763548,
        -5.181811800685864
      ],
      [
        -45.9725481538347,
        -71.34772019188824,
        -0.24061322250085312
      ]
    ],
    "M": [
      [
        -0.002102705634036818,
        -0.013716391150616566,
        0.00278482073696029,
        0.00010409204279144872,
        0.002169669001896026,
        1.1445009117816873,
        -0.17279813391964635
      ]
    ],
    "N": [
      [
        -1.2188920855497878,
        -6.996012667057821,
        -0.04146879892822413
      ]
    ],
    "Pbar": [
      [
        1.3170323518406117,
        0.0010241548108530605,
        -0.0005418656565421701,
        2.2979628703978087e-05,
        -8.695673970647623e-05,
        0.0006873301801395525,
        0.0006917738824349472,
        1.0,
        0.0,
        0.0,
        0.0,
        0.0,
        0.0,
        0.0
      ],
      [
        0.0010241548108530605,
        0.8539156612743307,
        0.20655431681349298,
        2.897017245233936e-05,
        3.0236862264103356e-05,
        -0.011212052554887398,
        0.000755560217034882,
        0.0,
        1.0,
        0.0,
        0.0,
        0.0,
        0.0,
        0.0
      ],
      [
        -0.0005418656565421701,
        0.20655431681349298,
        1.4451116613091683,
        -1.8295379406857918e-05,
        -6.186990062001006e-05,
        -0.0021725262346880916,
        2.8518723431195784e-05,
        0.0,
        0.0,
        1.0,
        0.0,
        0.0,
        0.0,
        0.0
      ],
      [
        2.2979628703978087e-05,
        2.897017245233936e-05,
        -1.8295379406857918e-05,
        0.003725052882436389,
        -0.000891541247482856,
        -1.3048796372728544e-05,
        9.943295463470125e-06,
        0.0,
        0.0,
        0.0,
        1.0,
        0.0,
        0.0,
        0.0
      ],
      [
        -8.695673970647623e-05,
        3.0236862264103356e-05,
        -6.186990062001006e-05,
        -0.000891541247482856,
        1.4741515925468618,
        0.0004745037670593967,
        -0.0009449778404251596,
        0.0,
        0.0,
        0.0,
        0.0,
        1.0,
        0.0,
        0.0
      ],
      [
        0.0006873301801395525,
        -0.011212052554887398,
        -0.0021725262346880916,
        -1.3048796372728544e-05,
        0.0004745037670593967,
        1.2288527636567732,
        -0.018150004637651398,
        0.0,
        0.0,
        0.0,
        0.0,
        0.0,
        1.0,
        0.0
      ],
      [
        0.0006917738824349472,
        0.000755560217034882,
        2.8518723431195784e-05,
        9.943295463470125e-06,
        -0.0009449778404251596,
        -0.018150004637651398,
        1.6410113342334984,
        0.0,
        0.0,
        0.0,
        0.0,
        0.0,
        0.0,
        1.0
      ],
      [
        1.0,
        0.0,
        0.0,
        0.0,
        0.0,
        0.0,
        0.0,
        3730.124245101655,
        -1394.9867436653385,
        1534.884265266793,
        -0.4735434808612091,
        -0.601124524730343,
        279.38297285078045,
        -17.900138446893088
      ],
      [
        0.0,
        1.0,
        0.0,
        0.0,
        0.0,
        0.0,
        0.0,
        -1394.9867436653385,
        28186.591335135396,
        3749.9799056700053,
        -10.872847879506807,
        2.863047393582739,
        -1627.5275072561035,
        18.509106003622367
      ],
      [
        0.0,
        0.0,
        1.0,
        0.0,
        0.0,
        0.0,
        0.0,
        1534.884265266793,
        3749.9799056700053,
        4440.2509848024665,
        7.262286093168721,
        1.6375238150181837,
        -39.02172407973181,
        -72.95647311683777
      ],
      [
        0.0,
        0.0,
        0.0,
        1.0,
        0.0,
        0.0,
        0.0,
        -0.4735434808612091,
        -10.872847879506807,
        7.262286093168721,
        84062.35616105159,
        56.209103338062285,
        5.5648898621036365,
        -0.2233270374888056
      ],
      [
        0.0,
        0.0,
        0.0,
        0.0,
        1.0,
        0.0,
        0.0,
        -0.601124524730343,
        2.863047393582739,
        1.6375238150181837,
        56.209103338062285,
        45.69889581906752,
        -0.14431328892030906,
        -0.026080042129147624
      ],
      [
        0.0,
        0.0,
        0.0,
        0.0,
        0.0,
        1.0,
        0.0,
        279.38297285078045,
        -1627.5275072561035,
        -39.02172407973181,
        5.5648898621036365,
        -0.14431328892030906,
        185.72715035197743,
        1.8097131212848532
      ],
      [
        0.0,
        0.0,
        0.0,
        0.0,
        0.0,
        0.0,
        1.0,
        -17.900138446893088,
        18.509106003622367,
        -72.95647311683777,
        -0.2233270374888056,
        -0.026080042129147624,
        1.8097131212848532,
        5.147707298576251
      ]
    ],
    "Abar": [
      [
        1.316786968469806,
        0.004081991519228259,
        0.0004399939115974085,
        -1.7067488645134214e-05,
        0.0002569960415915466,
        -0.0003651378939727158,
        0.00033067245447824216,
        0.9990698117713865,
        0.003530777648099644,
        -0.004093580918632021,
        -0.010743461410765697,
        0.0002009058020033822,
        -0.0013947114309278519,
        -0.00017266719938700703
      ],
      [
        0.0011069137707690583,
        0.822503706833065,
        0.26649017792181734,
        2.8155338766540262e-05,
        1.2423148522202818e-05,
        -0.012302704337426452,
        0.0007267366877635029,
        0.00016786540669604891,
        0.9514884058951535,
        0.048675793795154,
        0.00039040229582764806,
        -6.7842931142634855e-06,
        -0.0012090466788593946,
        -1.354239997351623e-05
      ],
      [
        0.004097335483070212,
        -1.444109498678247,
        0.9356399349154335,
        -1.4997961338920941e-05,
        -0.0006248781560739814,
        -0.040517654679978456,
        -0.001283070348982579,
        0.008392999471846371,
        -1.9146086069109436,
        0.9405296730232562,
        0.015198074153991088,
        -0.0002024804492137981,
        -0.046230885341689495,
        -0.0007231063833407449
      ],
      [
        -8.403152938115213e-07,
        -2.7716310543826375e-06,
        -3.7461635372297945e-06,
        4.875783812362032e-05,
        0.04548657450028608,
        1.445817799283909e-06,
        -2.852409016517151e-05,
        2.380938105732105e-06,
        -5.105099087375549e-06,
        7.3450663515603155e-06,
        0.020477153346686764,
        0.03086853814306164,
        -9.554816904795255e-06,
        5.087091869872668e-08
      ],
      [
        -0.0006537005170889801,
        -0.0010128913353671602,
        0.0005149740345696085,
        -0.11335423912627429,
        0.00012766278972955322,
        -1.111095612128728e-05,
        -0.00027409361556178177,
        8.787735028874865e-05,
        -0.0001555233691579308,
        0.0003032529121268978,
        -30.4346195528594,
        -0.0183177220351646,
        -0.0002851692527168522,
        -9.422236036810298e-07
      ],
      [
        0.0003284347152990608,
        -0.011378754089115107,
        -0.0018167124850819504,
        -8.794190232450344e-07,
        0.0006019213052601098,
        1.219822968219961,
        0.02316090618494602,
        -0.12016198091248752,
        -7.323974684191601e-05,
        -0.6891747903011376,
        8.927852956976744e-05,
        -0.004089884238535401,
        0.9013670746829255,
        0.034449970355177786
      ],
      [
        -0.006238912835985333,
        -0.009847374805057964,
        0.020894928115323744,
        0.00039939015784437945,
        0.005641327523977676,
        -0.2954039512102846,
        0.15622186539445626,
        -4.197227179857903,
        -0.00812520470914881,
        -24.09591293005635,
        -0.0016858657514184398,
        -0.14273911150681332,
        -3.4445406515764248,
        0.4196613427423495
      ],
      [
        0.7596160544326978,
        0.10303620335129243,
        0.05663981676981087,
        -0.08969469638167396,
        2.506347326338874,
        0.423636369632234,
        -0.054528130296621416,
        1615.7276035200666,
        -4253.283113993412,
        -700.8697971920592,
        1.0960879750734633,
        -39.21998852457461,
        238.77770393386749,
        0.3611738106789471
      ],
      [
        -0.27295233911528594,
        0.7473488373919123,
        0.49076695008658655,
        -0.05198448365192229,
        0.9995571101488365,
        3.3156450180915034,
        0.4930596102145668,
        -1174.5460836883412,
        19633.947878952753,
        3124.2587277279954,
