{
  "prob": "DDD",
  "meta": {
    "model": "independent",
    "disturbance_type": "2W_independent",
    "gamma": 0.5,
    "objective": 220.5900683085976,
    "spectral_radius_Acl": 0.9999703495865723,
    "Z_cost": 8.719595392185484,
    "lambda_opt": 108.99394533698019,
    "trace_Q_Sigma": 55.75943498568592,
    "real_Z_mats": false,
    "N_sims": 1,
    "SNR": 4.271968264270142
  },
  "solver_performance": {
    "solver": "SCS",
    "status": "optimal_inaccurate",
    "num_violations": 7,
    "tot_constraints:": 17,
    "Time_seconds": 15.802533999998559,
    "attempt": 1,
    "Total_time": 15.802533999998559,
    "stress": 1.100495971089294
  },
  "problem_params": {
    "Methodology": "Young",
    "FROM_DATA": true,
    "augmented": false,
    "reg_fro": false,
    "non_convex": false,
    "N_sims": 1
  },
  "controller": {
    "Ac": [
      [
        0.9866704466078894,
        0.0026201417618699468,
        -0.0004821865531876154,
        0.022221224699999726,
        -0.00012296319486323345,
        0.052557204197261315,
        -0.017073638354148074
      ],
      [
        0.000481519072377045,
        0.997821499215646,
        0.0006232895519205719,
        0.001553656046502594,
        -0.0006883463219976729,
        -0.009300636473794031,
        -0.0032086796307120263
      ],
      [
        0.0004778260520804534,
        0.001576869369879458,
        0.9485035645683436,
        0.00034105385878743853,
        0.0025293438624744975,
        0.028868575063734466,
        -0.0012821137182542522
      ],
      [
        -0.10481797001166415,
        -0.025133512436634645,
        0.00037286093143183707,
        -0.053491668152189774,
        0.0004459817798000613,
        -0.1657892033102344,
        0.05201084832035865
      ],
      [
        0.000420907387499344,
        0.05916381183318504,
        -0.0029353238792390914,
        -0.008777406430316485,
        0.1533767337928908,
        -12.174177919288416,
        -0.30988810406693545
      ],
      [
        7.178778384269309e-05,
        0.005603321290596802,
        -0.0025496314447909364,
        -4.288660107225405e-05,
        0.04417860162548516,
        -0.15165718793156432,
        -0.004679307791009615
      ],
      [
        -0.00023105616043967426,
        0.019809187335682647,
        -0.0003949228737023196,
        -0.0008295608208260274,
        0.0013717172019097762,
        -0.05061351636954219,
        -0.08232190358926642
      ]
    ],
    "Bc": [
      [
        -0.04521235167127005,
        0.6451043126565181,
        0.4501938782992099
      ],
      [
        0.0749755030890201,
        -13.90794937546695,
        0.022229331864760452
      ],
      [
        -6.669819780061741,
        -0.2469836998520009,
        -0.28603988967492633
      ],
      [
        0.11069192975541658,
        -1.5081090662201828,
        -1.358582419128693
      ],
      [
        -0.006766548730998889,
        -1.0209372992491796,
        87.71789849405488
      ],
      [
        -0.2692210464105157,
        0.5452378804756539,
        1.0785580155985386
      ],
      [
        0.0029764633030265014,
        2.3584886802104266,
        0.5495393491957993
      ]
    ],
    "Cc": [
      [
        0.002756344194723877,
        9.454890255021359e-05,
        1.094198417088136e-05,
        0.002715264961041613,
        -2.5656012888832094e-06,
        0.0007628956028842008,
        -0.0002400178167225964
      ]
    ],
    "Dc": [
      [
        -0.0006534180817950124,
        0.008159589759378694,
        0.006515979035873581
      ]
    ]
  },
  "plant": {
    "A": [
      [
        0.9999692419721637,
        3.229869114370601e-05,
        6.1293888684470835e-06,
        0.0012920847807902924,
        1.008758077645409e-05,
        -0.001187832681106715,
        -1.5671917575245497e-05
      ],
      [
        0.002419146614236749,
        0.9522601464199403,
        0.04858446634601094,
        0.03654066735295726,
        0.0002904217891971451,
        -0.000693593443154324,
        0.00023266343117423125
      ],
      [
        0.09552461646665873,
        -1.8857942058285495,
        0.9277169883929576,
        1.442021046885132,
        0.011462179259803152,
        -0.02657919403568317,
        0.008896017757025818
      ],
      [
        9.407076287505669e-05,
        2.4285278865998732e-05,
        6.2510138641656155e-06,
        0.021940954126087382,
        0.030893533116975222,
        1.0914369328656143e-05,
        9.966543663177935e-06
      ],
      [
        0.0029215339089475063,
        0.000756972394100281,
        0.00020752970894945404,
        -30.38921777629946,
        -0.017944038375764148,
        0.00034772978193662853,
        0.00030666759444671694
      ],
      [
        4.4944992149115615e-07,
        1.1191599793243586e-06,
        2.84530080413602e-08,
        2.4763003916758826e-08,
        -1.6603827435248772e-10,
        0.9018824076045825,
        0.03450173118096703
      ],
      [
        9.03867906221656e-09,
        -2.9319015856066948e-08,
        -6.827607618036519e-10,
        -5.608183445022849e-09,
        6.953554299270593e-10,
        -3.4490552026222097,
        0.41880883441970795
      ]
    ],
    "Bw": [
      [
        0.0009009082674898817,
        0.0001,
        0.0
      ],
      [
        0.025318775991522657,
        0.0,
        0.0
      ],
      [
        0.9991709692628976,
        0.0,
        0.0
      ],
      [
        0.0010250895634278266,
        0.0,
        0.0
      ],
      [
        0.0318507663991462,
        0.0,
        0.0
      ],
      [
        3.5823177152487397e-19,
        0.0,
        0.0
      ],
      [
        -3.1980791262636122e-18,
        0.0,
        0.0
      ]
    ],
    "Bu": [
      [
        -9.753112947615033e-05
      ],
      [
        -0.001538282321441408
      ],
      [
        -0.061543540061616345
      ],
      [
        -6.157966546473124e-05
      ],
      [
        -0.001922010787057277
      ],
      [
        0.0983274691077983
      ],
      [
        3.4490430695919447
      ]
    ],
    "Cz": [
      [
        0.9999999813334477,
        7.460502382274499e-11,
        -6.962096186259193e-13,
        1.8660288566002615e-09,
        -3.6324970990592466e-11,
        -1.5061163076837583e-11,
        1.3424102791158664e-11
      ],
      [
        7.460499213431789e-11,
        0.999999998904503,
        1.2060603541786547e-13,
        1.9183274283483016e-10,
        -1.2693360951087389e-11,
        -1.0897752548384774e-11,
        1.39420185733909e-11
      ],
      [
        -6.961753322752453e-13,
        1.206194796152073e-13,
        0.9999999999717483,
        4.778204021019492e-10,
        -4.218443947283249e-13,
        -2.9378497228421833e-12,
        2.305158748894309e-14
      ],
      [
        1.8660286665947304e-09,
        1.9183213755466592e-10,
        4.778155930682911e-10,
        0.9999918092796672,
        -5.34870461855436e-09,
        8.900653429551923e-10,
        2.989159390297828e-10
      ],
      [
        -3.632495193408121e-11,
        -1.2693377572494123e-11,
        -4.2186904792648646e-13,
        -5.348704120122232e-09,
        0.9999999912891231,
        -8.127560209156332e-11,
        -1.7759909181959984e-11
      ],
      [
        -1.5061151378132343e-11,
        -1.0897827411217495e-11,
        -2.938270300380086e-12,
        8.900627088510063e-10,
        -8.127786489463211e-11,
        0.999999987474817,
        -1.9705277837465854e-09
      ],
      [
        1.3424017435085636e-11,
        1.3941968588698137e-11,
        2.2806702887212498e-14,
        2.989128765796343e-10,
        -1.776045866497634e-11,
        -1.970522248665281e-09,
        0.9999999992517588
      ],
      [
        1.9209640905787495e-12,
        -6.585885178832372e-11,
        -2.4676711697056644e-12,
        -9.040818380254216e-10,
        9.23249007530046e-11,
        1.356588588447919e-08,
        3.991752283232064e-09
      ]
    ],
    "Dzw": [
      [
        2.168404344971009e-18,
        0.0,
        0.0
      ],
      [
        1.3010426069826053e-17,
        0.0,
        0.0
      ],
      [
        -8.673617379884035e-17,
        0.0,
        0.0
      ],
      [
        2.278318728338516e-15,
        0.0,
        0.0
      ],
      [
        1.951563910473908e-18,
        0.0,
        0.0
      ],
      [
        -3.469446951953614e-18,
        0.0,
        0.0
      ],
      [
        9.540979117872439e-18,
        0.0,
        0.0
      ],
      [
        4.336808689942018e-19,
        0.0,
        0.0
      ]
    ],
    "Dzu": [
      [
        1.9210131845550592e-12
      ],
      [
        -6.585904577348414e-11
      ],
      [
        -2.4688795274823997e-12
      ],
      [
        -9.040831356020323e-10
      ],
      [
        9.231983852396384e-11
      ],
      [
        1.356588688866961e-08
      ],
      [
        3.991743181686768e-09
      ],
      [
        0.999999972774533
      ]
    ],
    "Cy": [
      [
        0.9999999813334481,
        7.460036691429559e-11,
        -6.963837299096454e-13,
        1.8659649708870123e-09,
        -3.6318455064515516e-11,
        -1.4103948107742943e-11,
        1.3705767114348294e-11
      ],
      [
        -6.96328396250745e-13,
        1.2654692801016542e-13,
        0.9999999999717523,
        4.779017037272016e-10,
        -4.302302703630385e-13,
        -4.1679828039588006e-12,
        -3.390079146285846e-13
      ],
      [
        -3.631844346614258e-11,
        -1.2916700223046236e-11,
        -4.302369224839258e-13,
        -5.351769678032831e-09,
        0.9999999912894363,
        -3.5274272765234105e-11,
        -4.2239524814536524e-12
      ]
    ],
    "Dyw": [
      [
        9.266323268445147e-18,
        0.0,
        0.0001
      ],
      [
        6.211932713352108e-17,
        0.0,
        0.0
      ],
      [
        5.302098897138408e-18,
        0.0,
        0.0
      ]
    ]
  },
  "plant_dims": {
    "nx": 7,
    "nu": 1,
    "nw": 3,
    "ny": 3,
    "nz": 8
  },
  "initial_conds": {
    "X": [
      [
        0.07
      ],
      [
        0.0
      ],
      [
        0.0
      ],
      [
        0.0
      ],
      [
        0.0
      ],
      [
        0.0
      ],
      [
        0.0
      ]
    ],
    "Xc": [
      [
        0.0
      ],
      [
        0.0
      ],
      [
        0.0
      ],
      [
        0.0
      ],
      [
        0.0
      ],
      [
        0.0
      ],
      [
        0.0
      ]
    ]
  },
  "composite_closed_loop": {
    "Acl": [
      [
        0.9999693057007661,
        3.229869114371887e-05,
        5.333574863175559e-06,
        0.001292084780793432,
        9.452069986976108e-06,
        -0.0011878326811066901,
        -1.567191757524167e-05,
        -2.6882936253644976e-07,
        -9.221461256452802e-09,
        -1.0671840748962173e-09,
        -2.648228584774038e-07,
        2.5022599149024647e-10,
        -7.440606982168474e-08,
        2.3409208759354467e-08
      ],
      [
        0.002420151755702095,
        0.9522601464199405,
        0.04857191459333424,
        0.03654066735300678,
        0.0002803983739266564,
        -0.0006935934431539323,
        0.00023266343117429162,
        -4.240035546551394e-06,
        -1.4544290530468001e-07,
        -1.6831860811558516e-08,
        -4.176844087599606e-06,
        3.946619106556332e-09,
        -1.1735488190221508e-06,
        3.6921516429533397e-07
      ],
      [
        0.09556483012781693,
        -1.8857942058285413,
        0.9272148183537292,
        1.4420210468871133,
        0.011061162846460049,
        -0.026579194035667497,
        0.008896017757028233,
        -0.00016963517937159257,
        -5.81887417188093e-06,
        -6.734084411742088e-07,
        -0.00016710701790776763,
        1.578961857045183e-07,
        -4.6951296098934764e-05,
        1.4771546118968801e-05
      ],
      [
        9.411100014120606e-05,
        2.4285278866006854e-05,
        5.748549056467966e-06,
        0.021940954126089363,
        0.030893131865169513,
        1.0914369328671823e-05,
        9.966543663180353e-06,
        -1.6973475341675038e-07,
        -5.822289789099628e-09,
        -6.738037247632588e-10,
        -1.6720510794904902e-07,
        1.5798886908531133e-10,
        -4.697885601012354e-08,
        1.4780216859352663e-08
      ],
      [
        0.0029227897855261973,
        0.0007569723941005345,
        0.0001918468894144136,
        -30.3892177762994,
        -0.017956562157650284,
        0.00034772978193711794,
        0.00030666759444679235,
        -5.297723275101995e-06,
        -1.817240106059378e-07,
        -2.1030611608243947e-08,
        -5.218768544840637e-06,
        4.931113352521582e-09,
        -1.4662935781419986e-06,
        4.613168328267668e-07
      ],
      [
        -6.379949515520634e-05,
        1.1191599663571674e-06,
        0.0008023402629827629,
        2.475983857928303e-08,
        0.000640699555739779,
        0.9018824076045574,
        0.03450173118096317,
        0.0002710243486571712,
        9.296754294682359e-06,
        1.0758976105403549e-06,
        0.00026698513157630635,
        -2.522690814755913e-07,
        7.501359382507141e-05,
        -2.3600344459112293e-05
      ],
      [
        -0.0022536580266497076,
        -2.9319470707608227e-08,
        0.028142775826734658,
        -5.7192143236052054e-09,
        0.022473892834951076,
        -3.449055202623088,
        0.4188088344195726,
        0.009506749842222379,
        0.00032610323707833836,
        3.773937467216311e-05,
        0.009365065795986416,
        -8.848869344758794e-06,
        0.002631259791949921,
        -0.0008278317873456607
      ],
      [
        -0.045212350844110884,
        -9.106241422963574e-12,
        0.6451043126381332,
        -2.1854021614874135e-09,
        0.45019387437913194,
        -1.793137268047635e-11,
        -2.7399629798272274e-12,
        0.9866704466078894,
        0.0026201417618699468,
        -0.0004821865531876154,
        0.022221224699999726,
        -0.00012296319486323345,
        0.052557204197261315,
        -0.017073638354148074
      ],
      [
        0.07497550169836315,
        3.5460621557828394e-12,
        -13.907949375074143,
        -6.6256973036853365e-09,
        0.02222933167439107,
        5.612651971476986e-11,
        5.648606057664975e-12,
        0.000481519072377045,
        0.997821499215646,
        0.0006232895519205719,
        0.001553656046502594,
        -0.0006883463219976729,
        -0.009300636473794031,
        -0.0032086796307120263
      ],
      [
        -6.669819655548643,
        -4.939075663665528e-10,
        -0.24698369984025634,
        -1.1032864394406519e-08,
        -0.28603988694101384,
        1.0519006496996032e-10,
        -9.012304826937877e-11,
        0.0004778260520804534,
        0.001576869369879458,
        0.9485035645683436,
        0.00034105385878743853,
        0.0025293438624744975,
        0.028868575063734466,
        -0.0012821137182542522
      ],
      [
        0.11069192773957168,
        2.5615213840957355e-11,
        -1.5081090661770749,
        6.756639567131858e-09,
        -1.3585824072980457,
        5.2647586247680884e-11,
        7.766966300775255e-12,
        -0.10481797001166415,
        -0.025133512436634645,
        0.00037286093143183707,
        -0.053491668152189774,
        0.0004459817798000613,
        -0.1657892033102344,
        0.05201084832035865
      ],
      [
        -0.006766551789757385,
        -1.1336597825402928e-09,
        -1.0209372992580754,
        -4.699465231988603e-07,
        87.71789772998322,
        -3.0898343937130485e-09,
        -3.702628699281527e-10,
        0.000420907387499344,
        0.05916381183318504,
        -0.0029353238792390914,
        -0.008777406430316485,
        0.1533767337928908,
        -12.174177919288416,
        -0.30988810406693545
      ],
      [
        -0.26922104142463826,
        -3.394640122511606e-11,
        0.5452378804599756,
        -6.013981013891166e-09,
        1.0785580062132334,
        -3.652081207715577e-11,
        -8.430498727599416e-12,
        7.178778384269309e-05,
        0.005603321290596802,
        -0.0025496314447909364,
        -4.288660107225405e-05,
        0.04417860162548516,
        -0.15165718793156432,
        -0.004679307791009615
      ],
      [
        0.002976463225865498,
        -6.577730282589972e-12,
        2.3584886801435663,
        -1.8083282911575139e-09,
        0.549539344407879,
        -2.925672104518089e-11,
        -3.0799797139895958e-12,
        -0.00023105616043967426,
        0.019809187335682647,
        -0.0003949228737023196,
        -0.0008295608208260274,
        0.0013717172019097762,
        -0.05061351636954219,
        -0.08232190358926642
      ]
    ],
    "Bcl": [
      [
        0.0009009082674898817,
        0.0001,
        6.372860353760715e-12
      ],
      [
        0.025318775991522657,
        0.0,
        1.0051414837354234e-10
      ],
      [
        0.9991709692628976,
        0.0,
        4.021366189393585e-09
      ],
      [
        0.0010250895634278266,
        0.0,
        4.023726688554326e-12
      ],
      [
        0.0318507663991462,
        0.0,
        1.255876601668288e-10
      ],
      [
        4.1087254312538967e-19,
        0.0,
        -6.42489462521759e-09
      ],
      [
        -1.3515931939583364e-18,
        0.0,
        -2.2536671065611502e-07
      ],
      [
        4.20414660324716e-17,
        0.0,
        -4.521235167127005e-06
      ],
      [
        -8.631398476462802e-16,
        0.0,
        7.49755030890201e-06
      ],
      [
        -7.866377925565865e-17,
        0.0,
        -0.0006669819780061742
      ],
      [
        -9.986035157937271e-17,
        0.0,
        1.106919297554166e-05
      ],
      [
        4.016063337618008e-16,
        0.0,
        -6.766548730998889e-07
      ],
      [
        3.70937422811507e-17,
        0.0,
        -2.6922104641051572e-05
      ],
      [
        1.4944902271516558e-16,
        0.0,
        2.9764633030265016e-07
      ]
    ],
    "Ccl": [
      [
        0.9999999813334465,
        7.460502382274473e-11,
        -6.805349391180396e-13,
        1.8660288566001995e-09,
        -3.631245370906326e-11,
        -1.506116307683807e-11,
        1.3424102791158588e-11,
        5.2949735392363656e-15,
        1.8162968838417178e-16,
        2.101969585745585e-17,
        5.216059789721317e-15,
        -4.928553902256099e-18,
        1.4655325115796304e-15,
        -4.610773904522275e-16
      ],
      [
        7.464802562488872e-11,
        0.999999998904503,
        -4.167767600225739e-13,
        1.9183274283695028e-10,
        -1.3122497108933364e-11,
        -1.0897752548368004e-11,
        1.3942018573393485e-11,
        -1.815301984877971e-13,
        -6.2269005008872076e-15,
        -7.206286363628143e-16,
        -1.788247593563772e-13,
        1.689680527210692e-16,
        -5.024357643074035e-14,
        1.58073443779852e-14
      ],
      [
        -6.945621217797296e-13,
        1.2061947961553289e-13,
        0.9999999999717282,
        4.778204021020287e-10,
        -4.3793156183141933e-13,
        -2.9378497228415545e-12,
        2.305158748903998e-14,
        -6.805081753048742e-15,
        -2.334298498521508e-16,
        -2.7014440709525468e-17,
        -6.703662074005934e-15,
        6.334160497806214e-18,
        -1.883497335567146e-15,
        5.92575073937441e-16
      ],
      [
        1.8666194108521705e-09,
        1.9183213755478514e-10,
        4.704386455736163e-10,
        0.9999918092796672,
        -5.354595605261334e-09,
        8.900653429554226e-10,
        2.9891593902981826e-10,
        -2.4919643023644217e-12,
        -8.548006828532809e-14,
        -9.892463358918223e-15,
        -2.4548252599688314e-12,
        2.3195168579581476e-15,
        -6.897210487925511e-13,
        2.1699606034291886e-13
      ],
      [
        -3.63852753847775e-11,
        -1.2693377572506298e-11,
        3.3142296105964794e-13,
        -5.348704120125204e-09,
        0.9999999912897246,
        -8.127560209158683e-11,
        -1.7759909181963606e-11,
        2.544652509733735e-13,
        8.728739416053712e-15,
        1.0101622117875354e-15,
        2.5067282275313865e-13,
        -2.368558967065714e-16,
        7.043039886891146e-14,
        -2.215840608270445e-14
      ],
      [
        -2.3925347004598427e-11,
        -1.0897827413006532e-11,
        1.0775380143013951e-10,
        8.900627084142961e-10,
        7.117168905275087e-12,
        0.999999987474817,
        -1.9705277837471177e-09,
        3.739225357186524e-11,
        1.2826397174440433e-12,
        1.4843771959978984e-13,
        3.683497733425841e-11,
        -3.480465688641458e-14,
        1.0349355456590477e-11,
        -3.2560545529241762e-12
      ],
      [
        1.0815740310009762e-11,
        1.3941968588171716e-11,
        3.259379348931886e-11,
        2.989128764511329e-10,
        8.2496559970039e-12,
        -1.9705222486662976e-09,
        0.9999999992517588,
        1.1002618145670942e-11,
        3.774149370907818e-13,
        4.367759070824021e-14,
        1.0838640394710847e-11,
        -1.0241221451826336e-14,
        3.045283321151825e-12,
        -9.580894833857685e-13
      ],
      [
        -0.0006534180501297057,
        -6.59907293902318e-11,
        0.008159589534529542,
        -9.362736295801225e-10,
        0.00651597889406028,
        1.3565631244809193e-08,
        3.991713038285748e-09,
        0.002756344119681119,
        9.454889997607557e-05,
        1.094198387298073e-05,
        0.002715264887117256,
        -2.565601219033516e-06,
        0.0007628955821140117,
        -0.00024001781018799927
      ]
    ],
    "Dcl": [
      [
        2.1684043449720373e-18,
        0.0,
        -1.255224750154895e-19
      ],
      [
        1.3010426069790795e-17,
        0.0,
        4.303349135815993e-18
      ],
      [
        -8.673617379884167e-17,
        0.0,
        1.6132105250305265e-19
      ],
      [
        2.278318728338032e-15,
        0.0,
        5.907442682483001e-17
      ],
      [
        1.9515639105233324e-18,
        0.0,
        -6.032345179995375e-18
      ],
      [
        -3.4694469446909566e-18,
        0.0,
        -8.864195788642607e-16
      ],
      [
        9.540979120009466e-18,
        0.0,
        -2.608277172796088e-16
      ],
      [
        9.690426620414226e-19,
        0.0,
        -6.534180640053999e-08
      ]
    ]
  },
  "Acl_eigenvals": {
    "cartesian": [
      {
        "re": 0.001990931353517921,
        "im": 0.9687272205770888,
        "abs": 0.9687292664592445
      },
      {
        "re": 0.001990931353517921,
        "im": -0.9687272205770888,
        "abs": 0.9687292664592445
      },
      {
        "re": 0.00016376316046412542,
        "im": 0.7174909674444148,
        "abs": 0.7174909861334112
      },
      {
        "re": 0.00016376316046412542,
        "im": -0.7174909674444148,
        "abs": 0.7174909861334112
      },
      {
        "re": -0.0809709502771292,
        "im": 0.0,
        "abs": 0.0809709502771292
      },
      {
        "re": -0.05164587149166359,
        "im": 0.0,
        "abs": 0.05164587149166359
      },
      {
        "re": 0.9399741281053048,
        "im": 0.30256176637088805,
        "abs": 0.9874689787415095
      },
      {
        "re": 0.9399741281053048,
        "im": -0.30256176637088805,
        "abs": 0.9874689787415095
      },
      {
        "re": 0.6603455338866268,
        "im": 0.24628869022517497,
        "abs": 0.7047796414886331
      },
      {
        "re": 0.6603455338866268,
        "im": -0.24628869022517497,
        "abs": 0.7047796414886331
      },
      {
        "re": 0.9484866428759087,
        "im": 0.0,
        "abs": 0.9484866428759087
      },
      {
        "re": 0.984482321050959,
        "im": 0.0,
        "abs": 0.984482321050959
      },
      {
        "re": 0.9999703495865723,
        "im": 0.0,
        "abs": 0.9999703495865723
      },
      {
        "re": 0.9977501842222737,
        "im": 0.0,
        "abs": 0.9977501842222737
      }
    ],
    "polar": [
      {
        "abs": 0.9687292664592445,
        "ang_rad": 1.568741126416404
      },
      {
        "abs": 0.9687292664592445,
        "ang_rad": -1.568741126416404
      },
      {
        "abs": 0.7174909861334112,
        "ang_rad": 1.5705680825868842
      },
      {
        "abs": 0.7174909861334112,
        "ang_rad": -1.5705680825868842
      },
      {
        "abs": 0.0809709502771292,
        "ang_rad": 3.141592653589793
      },
      {
        "abs": 0.05164587149166359,
        "ang_rad": 3.141592653589793
      },
      {
        "abs": 0.9874689787415095,
        "ang_rad": 0.3114101726317409
      },
      {
        "abs": 0.9874689787415095,
        "ang_rad": -0.3114101726317409
      },
      {
        "abs": 0.7047796414886331,
        "ang_rad": 0.35698924764874046
      },
      {
        "abs": 0.7047796414886331,
        "ang_rad": -0.35698924764874046
      },
      {
        "abs": 0.9484866428759087,
        "ang_rad": 0.0
      },
      {
        "abs": 0.984482321050959,
        "ang_rad": 0.0
      },
      {
        "abs": 0.9999703495865723,
        "ang_rad": 0.0
      },
      {
        "abs": 0.9977501842222737,
        "ang_rad": 0.0
      }
    ]
  },
  "disturbance": {
    "Sigma_nom": [
      [
        1.0,
        0.0,
        0.0
      ],
      [
        0.0,
        1.0,
        0.0
      ],
      [
        0.0,
        0.0,
        1.0
      ]
    ]
  },
  "dro_variables": {
    "Q": [
      [
        55.95727576247164,
        -0.00141754782936745,
        5.986821315399821e-05
      ],
      [
        -0.00141754782936745,
        -0.09836670156820963,
        -7.618084376844478e-05
      ],
      [
        5.986821315399821e-05,
        -7.618084376844478e-05,
        -0.09947407521750445
      ]
    ],
    "X": [
      [
        84815.79655285558,
        -9738.32760292402,
        157.53266026040978,
        296.76962225248695,
        18.91563827082753,
        3052.274130059277,
        60.917361903060964
      ],
      [
        -9738.32760292402,
        311563.60932991584,
        -7516.713767722441,
        -6236.13150200271,
        -25.744852563457638,
        7605.55438217569,
        -197.25944622393794
      ],
      [
        157.53266026040978,
        -7516.713767722441,
        218.96068998332785,
        -2834.284619701782,
        -67.74526647981948,
        -190.0052023668343,
        5.319682666242572
      ],
      [
        296.76962225248695,
        -6236.13150200271,
        -2834.284619701782,
        2849689.5025423383,
        1907.052815911533,
        -27.24510517765202,
        22.699073008065845
      ],
      [
        18.91563827082753,
        -25.744852563457638,
        -67.74526647981948,
        1907.052815911533,
        1537.1686619074264,
        -5.1329724798080045,
        -0.06740240555769071
      ],
      [
        3052.274130059277,
        7605.55438217569,
        -190.0052023668343,
        -27.24510517765202,
        -5.1329724798080045,
        1735098.2551447414,
        40351.49389358059
      ],
      [
        60.917361903060964,
        -197.25944622393794,
        5.319682666242572,
        22.699073008065845,
        -0.06740240555769071,
        40351.49389358059,
        34340.59783114149
      ]
    ],
    "Y": [
      [
        5.031030678130802,
        0.04968809227376438,
        -0.028819850179848023,
        -8.064531068507573e-05,
        0.004029744243560344,
        0.007130986325422576,
        -0.007981661736762354
      ],
      [
        0.04968809227376438,
        4.068087133722781,
        0.5503265752328501,
        0.010936694806485117,
        -0.0854397260576452,
        -0.20138249255208304,
        0.237758369261156
      ],
      [
        -0.028819850179848023,
        0.5503265752328501,
        5.266833645241886,
        -0.0058767390109734615,
        -0.29789592219609523,
        -0.018211748565334657,
        -0.03462883381464509
      ],
      [
        -8.064531068507573e-05,
        0.010936694806485117,
        -0.0058767390109734615,
        0.07119222861236348,
        -0.01205447776017014,
        -0.00016195447594217742,
        0.0001304072601757922
      ],
      [
        0.004029744243560344,
        -0.0854397260576452,
        -0.29789592219609523,
        -0.01205447776017014,
        20.23928704880701,
        0.0018949314064803547,
        0.0064955471425578015
      ],
      [
        0.007130986325422576,
        -0.20138249255208304,
        -0.018211748565334657,
        -0.00016195447594217742,
        0.0018949314064803547,
        10.525736613932692,
        -5.694501505993287
      ],
      [
        -0.007981661736762354,
        0.237758369261156,
        -0.03462883381464509,
        0.0001304072601757922,
        0.0064955471425578015,
        -5.694501505993287,
        13.869268390001722
      ]
    ],
    "K": [
      [
        0.19455689730087988,
        -0.02731687632736223,
        -0.1901582658899987,
        -4.057058975048149,
        0.12884225520828912,
        -0.0014716693974581154,
        -0.005765688351497278
      ],
      [
        0.1687966448514534,
        -3.3010026797836804,
        1.8241270883411815,
        -0.041140437088582095,
        -0.060968695209030525,
        -0.45656247904751673,
        0.15235742712857284
      ],
      [
        0.0021859762234127957,
        -0.08022351528142141,
        -0.004442908488443236,
        0.002404235237862194,
        -0.0037564233747806653,
        0.0672528648074816,
        0.0023981222927728684
      ],
      [
        0.009345663382273531,
        -0.05739522887185293,
        0.04741984563150356,
        -0.0695477334809353,
        -5.277303382001722,
        0.053131508232860516,
        -0.032804809019051105
      ],
      [
        0.0008729094366012857,
        -0.009691482507877889,
        0.0019471480905162522,
        -0.025800188500719985,
        -0.003698278860850515,
        0.0017332755110321316,
        0.0003391514476312298
      ],
      [
        -0.007561057141307618,
        -0.018101374215688446,
        0.026643408827603753,
        0.008010639578583159,
        0.004528630158943661,
        -0.054449104886737425,
        -0.611777831699594
      ],
      [
        -0.001839499009761553,
        -0.0485455142903226,
        0.022353035973755365,
        -0.056966033305209135,
        -0.00045184507084325003,
        -0.12242677493470913,
        -0.2628797691572402
      ]
    ],
    "L": [
      [
        -4346.740806125872,
        489.05404028784477,
        -23.10794459083572
      ],
      [
        -97.28830309036985,
        -15656.559204665824,
        55.20304448941493
      ],
      [
        8.403891728118195,
        342.5824890907643,
        39.06505379557001
      ],
      [
        -14.798859133471163,
        454.33825351895564,
        -39815.9005670333
      ],
      [
        -48.83035539755266,
        108.83064105899258,
        -29.638648718393526
      ],
      [
        9.63760444555862,
        -387.89703174923,
        -5.008763112548774
      ],
      [
        -17.31180398198974,
        8.430916564897846,
        -0.058523675039513876
      ]
    ],
    "M": [
      [
        0.009618685542099402,
        -0.2516543611398416,
        0.024892214290492713,
        0.0026262447704572295,
        -0.003625106408523092,
        10.320153340390029,
        -7.075317135150163
      ]
    ],
    "N": [
      [
        -0.0006534180817950124,
        0.008159589759378694,
        0.006515979035873581
      ]
    ],
    "Pbar": [
      [
        5.031030678130802,
        0.04968809227376438,
        -0.028819850179848023,
        -8.064531068507573e-05,
        0.004029744243560344,
        0.007130986325422576,
        -0.007981661736762354,
        1.0,
        0.0,
        0.0,
        0.0,
        0.0,
        0.0,
        0.0
      ],
      [
        0.04968809227376438,
        4.068087133722781,
        0.5503265752328501,
        0.010936694806485117,
        -0.0854397260576452,
        -0.20138249255208304,
        0.237758369261156,
        0.0,
        1.0,
        0.0,
        0.0,
        0.0,
        0.0,
        0.0
      ],
      [
        -0.028819850179848023,
        0.5503265752328501,
        5.266833645241886,
        -0.0058767390109734615,
        -0.29789592219609523,
        -0.018211748565334657,
        -0.03462883381464509,
        0.0,
        0.0,
        1.0,
        0.0,
        0.0,
        0.0,
        0.0
      ],
      [
        -8.064531068507573e-05,
        0.010936694806485117,
        -0.0058767390109734615,
        0.07119222861236348,
        -0.01205447776017014,
        -0.00016195447594217742,
        0.0001304072601757922,
        0.0,
        0.0,
        0.0,
        1.0,
        0.0,
        0.0,
        0.0
      ],
      [
        0.004029744243560344,
        -0.0854397260576452,
        -0.29789592219609523,
        -0.01205447776017014,
        20.23928704880701,
        0.0018949314064803547,
        0.0064955471425578015,
        0.0,
        0.0,
        0.0,
        0.0,
        1.0,
        0.0,
        0.0
      ],
      [
        0.007130986325422576,
        -0.20138249255208304,
        -0.018211748565334657,
        -0.00016195447594217742,
        0.0018949314064803547,
        10.525736613932692,
        -5.694501505993287,
        0.0,
        0.0,
        0.0,
        0.0,
        0.0,
        1.0,
        0.0
      ],
      [
        -0.007981661736762354,
        0.237758369261156,
        -0.03462883381464509,
        0.0001304072601757922,
        0.0064955471425578015,
        -5.694501505993287,
        13.869268390001722,
        0.0,
        0.0,
        0.0,
        0.0,
        0.0,
        0.0,
        1.0
      ],
      [
        1.0,
        0.0,
        0.0,
        0.0,
        0.0,
        0.0,
        0.0,
        84815.79655285558,
        -9738.32760292402,
        157.53266026040978,
        296.76962225248695,
        18.91563827082753,
        3052.274130059277,
        60.917361903060964
      ],
      [
        0.0,
        1.0,
        0.0,
        0.0,
        0.0,
        0.0,
        0.0,
        -9738.32760292402,
        311563.60932991584,
        -7516.713767722441,
        -6236.13150200271,
        -25.744852563457638,
        7605.55438217569,
        -197.25944622393794
      ],
      [
        0.0,
        0.0,
        1.0,
        0.0,
        0.0,
        0.0,
        0.0,
        157.53266026040978,
        -7516.713767722441,
        218.96068998332785,
        -2834.284619701782,
        -67.74526647981948,
        -190.0052023668343,
        5.319682666242572
      ],
      [
        0.0,
        0.0,
        0.0,
        1.0,
        0.0,
        0.0,
        0.0,
        296.76962225248695,
        -6236.13150200271,
        -2834.284619701782,
        2849689.5025423383,
        1907.052815911533,
        -27.24510517765202,
        22.699073008065845
      ],
      [
        0.0,
        0.0,
        0.0,
        0.0,
        1.0,
        0.0,
        0.0,
        18.91563827082753,
        -25.744852563457638,
        -67.74526647981948,
        1907.052815911533,
        1537.1686619074264,
        -5.1329724798080045,
        -0.06740240555769071
      ],
      [
        0.0,
        0.0,
        0.0,
        0.0,
        0.0,
        1.0,
        0.0,
        3052.274130059277,
        7605.55438217569,
        -190.0052023668343,
        -27.24510517765202,
        -5.1329724798080045,
        1735098.2551447414,
        40351.49389358059
      ],
      [
        0.0,
        0.0,
        0.0,
        0.0,
        0.0,
        0.0,
        1.0,
        60.917361903060964,
        -197.25944622393794,
        5.319682666242572,
        22.699073008065845,
        -0.06740240555769071,
        40351.49389358059,
        34340.59783114149
      ]
    ],
    "Abar": [
      [
        5.030805256841294,
        0.050099832963533715,
        -0.028758361873779392,
        1.1495735674901199e-05,
        0.004211413068814676,
        -0.006300199095789057,
        -0.0007346750531809112,
        0.9999568183779107,
        3.370745442553861e-05,
        5.381643770314394e-06,
        0.0012921712754984977,
        9.450795182650428e-06,
        -0.0011881925382946986,
        -1.569085401963748e-05
      ],
      [
        0.05806815847116972,
        3.901505121960432,
        0.7795041275989035,
        0.012722372540566183,
        -0.09037615284719035,
        -0.2171445101730975,
        0.2427682000561841,
        0.002421580437211679,
        0.9522143738560322,
        0.0485707125526594,
        0.036540493835863636,
        0.0002804260388658501,
        -0.000694702663675124,
        0.000232636130386001
      ],
      [
        0.35922642004162997,
        -7.1185298540403465,
        3.8323312353618397,
        0.07628233837930173,
        0.09997777620895053,
        -0.6022227341819641,
        0.22918764029185948,
        0.09556480660489997,
        -1.885793091169233,
        0.9272148422773829,
        1.44202074681875,
        0.011061175516248948,
        -0.026579166014486923,
        0.008896018344951025
      ],
      [
        0.0005961575674969096,
        -0.002275343488856004,
        -0.009284338697953441,
        0.0011898308180906883,
        0.6247331582389282,
        -0.0005267823964832326,
        0.0007200154119842664,
        9.406911607926625e-05,
        2.436219930386925e-05,
        6.177480351434851e-06,
        0.021940916373635138,
        0.030880183963019857,
        1.0913159114394693e-05,
        9.964941647673137e-06
      ],
      [
        0.017089926770103386,
        -0.32699907568075276,
        0.18529557230740648,
        -2.1632575835711365,
        0.0030463245182528595,
        -0.01316936828044558,
        0.011941879444800763,
        0.0029227872749393864,
        0.0007569570093742639,
        0.0001918562816494528,
        -30.389210889409345,
        -0.01795656665191016,
        0.0003477300815981501,
        0.0003066676409326212
      ],
      [
        0.007100304473739613,
        -0.19812520958463625,
        -0.015167808388696417,
        0.00011669995379017388,
        0.0015761929586965745,
        10.309116318022408,
        -5.351916570104103,
        -6.424895792954128e-05,
        -1.5834112536043627e-11,
        0.000802311806140899,
        7.207932168700433e-10,
        0.0006406996562047932,
        0.9016725306726718,
        0.03449043067693641
      ],
      [
        0.005237409794069281,
        -0.0738150775071762,
        0.13416464394152894,
        0.009671234264718172,
        -0.016318458767568093,
        -3.093960401363141,
        1.0460476223115336,
        -0.002253667001193793,
        -1.841787731493071e-10,
        0.02814277651186769,
        -6.173923918278087e-09,
        0.022473892731511548,
        -3.4490431195388753,
        0.4188065117327613
      ],
      [
        0.19455689730087988,
        -0.02731687632736223,
        -0.1901582658899987,
        -4.057058975048149,
        0.12884225520828912,
        -0.0014716693974581154,
        -0.005765688351497278,
        80456.94699454258,
        -9567.16905067666,
        162.60987950130732,
        -587.4013283041552,
        -14.450292084771561,
        2443.8556063179267,
        128.60068948226913
      ],
      [
        0.1687966448514534,
        -3.3010026797836804,
        1.8241270883411815,
        -0.041140437088582095,
        -0.060968695209030525,
        -0.45656247904751673,
        0.15235742712857284,
        -9799.724204895256,
        310849.81439792586,
        -7493.272421463926,
        1178.3866708749695,
        -132.67313948962442,
