{
  "prob": "DDD",
  "meta": {
    "model": "independent",
    "disturbance_type": "2W_independent",
    "gamma": 0.5,
    "objective": 10.960766063481703,
    "spectral_radius_Acl": 0.999189943664305,
    "Z_cost": 2.9004159989867104,
    "lambda_opt": 14.614217667016824,
    "trace_Q_Sigma": 7.307211646727498,
    "real_Z_mats": true,
    "N_sims": 1,
    "SNR": -6.811005910859665
  },
  "solver_performance": {
    "solver": "MOSEK",
    "status": "optimal",
    "num_violations": 0,
    "tot_constraints:": 3,
    "Time_seconds": 0.41097229999650153,
    "attempt": 1,
    "Total_time": 0.41097229999650153,
    "stress": 2.5092932054271753
  },
  "problem_params": {
    "Methodology": "EstmMat",
    "FROM_DATA": true,
    "augmented": true,
    "reg_fro": false,
    "non_convex": true,
    "N_sims": 1
  },
  "controller": {
    "Ac": [
      [
        0.6419006455990398,
        -0.630714660881517,
        0.006799469099526703,
        -0.003996063793089743,
        -0.0009884775822394855,
        -0.00129051072880764,
        0.004747538585903335
      ],
      [
        -0.2755495647596516,
        0.3271455454554913,
        0.01814491965081337,
        0.0024263333039041836,
        -0.0012700101309031802,
        -0.001855685767884536,
        0.0013528398010573624
      ],
      [
        -0.02192643979088757,
        -0.05621514933384426,
        0.9647497566059767,
        0.09292389445463606,
        -0.019116983425858033,
        -0.002266163082418219,
        0.007012832595895804
      ],
      [
        -0.014348735591569559,
        -0.005090145971970429,
        0.06690624232055356,
        0.7286028827652852,
        0.02145588169689078,
        0.14174025774712803,
        -0.024148310189424354
      ],
      [
        0.004329556091571666,
        0.006424050793733303,
        -0.0973124701634038,
        -0.15235485163078277,
        0.6735773119547543,
        0.9392104514759175,
        -0.09610262513681604
      ],
      [
        -0.0031642381040254417,
        -0.0042287358500472895,
        0.05514185516809015,
        0.14891201998718837,
        -0.38134290527428794,
        -0.595442902101718,
        0.0582631039559671
      ],
      [
        1.7804657820616414e-05,
        5.8375235377487374e-05,
        0.00027486165229223997,
        -0.001683647821975828,
        0.015275497579182977,
        0.023235006717619765,
        0.023847224090025477
      ]
    ],
    "Bc": [
      [
        0.563013189936621,
        -0.6006678091286268,
        -0.018119754192233863
      ],
      [
        -0.6775508222529718,
        0.25131468050920974,
        -0.012210632171447562
      ],
      [
        -15.09993030830455,
        6.4421800806090515,
        0.29986439643998564
      ],
      [
        38.589948388935674,
        1.2736027987293863,
        1.2774082469370835
      ],
      [
        -1.2865239153620913,
        -1.4413144741970263,
        17.01480343432052
      ],
      [
        1.881250850842745,
        0.9607858874731993,
        -11.04668056186515
      ],
      [
        0.032236704347930155,
        -0.004694309868102464,
        0.009465430173051707
      ]
    ],
    "Cc": [
      [
        -0.027782119882205088,
        -0.10216575068585891,
        0.0025362033190028054,
        -0.00022361047726637048,
        -0.00016876324875361308,
        -0.0001228019545768211,
        0.00040359011562517193
      ]
    ],
    "Dc": [
      [
        0.02994923204558688,
        -0.03586690509877217,
        -0.0014882142468638374
      ]
    ]
  },
  "plant": {
    "A": [
      [
        0.9994602751348282,
        9.64898107386782e-05,
        7.86652333519864e-06,
        -0.0013331107451903413,
        -0.00023965567063538023,
        -0.0013544181608515361,
        -5.2393689523434956e-05
      ],
      [
        -0.0012530534265481994,
        0.9518919426147815,
        0.048443354335747764,
        -0.004395693709802707,
        -0.0007941880451905786,
        -0.00169581156682657,
        -0.00010946996090556531
      ],
      [
        -0.04945045947995512,
        -1.8985172751327852,
        0.9221956617211293,
        -0.1734710353011471,
        -0.03134172333085584,
        -0.06608667442878535,
        -0.004604752206358486
      ],
      [
        -5.4706061908461716e-05,
        1.130778129399873e-05,
        1.0153584113364312e-06,
        0.020283499192645806,
        0.030836671340070825,
        -2.9618901305127205e-05,
        -3.8859894417954595e-06
      ],
      [
        -0.0016998313975157757,
        0.0003513477564510992,
        3.153027702694975e-05,
        -30.44067568320582,
        -0.01930843852782387,
        -0.0009116445203908629,
        -0.00012369476059724926
      ],
      [
        4.7991035901900985e-12,
        3.6780184680745214e-11,
        7.1475235712674835e-12,
        6.555935876481797e-10,
        -8.056600257237956e-11,
        0.9016725306712595,
        0.03449043067605445
      ],
      [
        -1.1328970732859662e-09,
        -3.1495837034311094e-10,
        -1.112302778828342e-10,
        -1.1644683484614253e-09,
        7.438469698178575e-10,
        -3.449043119510469,
        0.4188065117431692
      ]
    ],
    "Bw": [
      [
        0.00404290452603237,
        2.3791683618668004e-07,
        0.0001,
        0.0,
        0.0,
        0.0,
        0.0,
        0.0,
        0.0,
        0.0,
        0.0,
        0.0
      ],
      [
        0.013411542118034466,
        8.062064476813646e-07,
        0.0,
        0.0001,
        0.0,
        0.0,
        0.0,
        0.0,
        0.0,
        0.0,
        0.0,
        0.0
      ],
      [
        0.5292711821183381,
        3.183769615210104e-05,
        0.0,
        0.0,
        0.0001,
        0.0,
        0.0,
        0.0,
        0.0,
        0.0,
        0.0,
        0.0
      ],
      [
        0.0005429928459587959,
        7.061111055690372e-07,
        0.0,
        0.0,
        0.0,
        0.0001,
        0.0,
        0.0,
        0.0,
        0.0,
        0.0,
        0.0
      ],
      [
        0.01687147185823579,
        -0.0009994938781927839,
        0.0,
        0.0,
        0.0,
        0.0,
        0.0001,
        0.0,
        0.0,
        0.0,
        0.0,
        0.0
      ],
      [
        -9.503614373216807e-19,
        -2.328868085295762e-09,
        0.0,
        0.0,
        0.0,
        0.0,
        0.0,
        0.0001,
        0.0,
        0.0,
        0.0,
        0.0
      ],
      [
        8.322697100506997e-18,
        4.143731518502557e-09,
        0.0,
        0.0,
        0.0,
        0.0,
        0.0,
        0.0,
        0.0001,
        0.0,
        0.0,
        0.0
      ]
    ],
    "Bu": [
      [
        0.0005032663941015296
      ],
      [
        0.0017917090114982644
      ],
      [
        0.06987042681549141
      ],
      [
        7.324214303268226e-05
      ],
      [
        0.0022670322270195525
      ],
      [
        0.09832746899674098
      ],
      [
        3.449043069629748
      ]
    ],
    "Cz": [
      [
        1.0,
        0.0,
        0.0,
        0.0,
        0.0,
        0.0,
        0.0
      ],
      [
        0.0,
        1.0,
        0.0,
        0.0,
        0.0,
        0.0,
        0.0
      ],
      [
        0.0,
        0.0,
        1.0,
        0.0,
        0.0,
        0.0,
        0.0
      ],
      [
        0.0,
        0.0,
        0.0,
        1.0,
        0.0,
        0.0,
        0.0
      ],
      [
        0.0,
        0.0,
        0.0,
        0.0,
        1.0,
        0.0,
        0.0
      ],
      [
        0.0,
        0.0,
        0.0,
        0.0,
        0.0,
        1.0,
        0.0
      ],
      [
        0.0,
        0.0,
        0.0,
        0.0,
        0.0,
        0.0,
        1.0
      ],
      [
        0.0,
        0.0,
        0.0,
        0.0,
        0.0,
        0.0,
        0.0
      ]
    ],
    "Dzw": [
      [
        0.0,
        0.0,
        0.0,
        0.0,
        0.0,
        0.0,
        0.0,
        0.0,
        0.0,
        0.0,
        0.0,
        0.0
      ],
      [
        0.0,
        0.0,
        0.0,
        0.0,
        0.0,
        0.0,
        0.0,
        0.0,
        0.0,
        0.0,
        0.0,
        0.0
      ],
      [
        0.0,
        0.0,
        0.0,
        0.0,
        0.0,
        0.0,
        0.0,
        0.0,
        0.0,
        0.0,
        0.0,
        0.0
      ],
      [
        0.0,
        0.0,
        0.0,
        0.0,
        0.0,
        0.0,
        0.0,
        0.0,
        0.0,
        0.0,
        0.0,
        0.0
      ],
      [
        0.0,
        0.0,
        0.0,
        0.0,
        0.0,
        0.0,
        0.0,
        0.0,
        0.0,
        0.0,
        0.0,
        0.0
      ],
      [
        0.0,
        0.0,
        0.0,
        0.0,
        0.0,
        0.0,
        0.0,
        0.0,
        0.0,
        0.0,
        0.0,
        0.0
      ],
      [
        0.0,
        0.0,
        0.0,
        0.0,
        0.0,
        0.0,
        0.0,
        0.0,
        0.0,
        0.0,
        0.0,
        0.0
      ],
      [
        0.0,
        0.0,
        0.0,
        0.0,
        0.0,
        0.0,
        0.0,
        0.0,
        0.0,
        0.0,
        0.0,
        0.0
      ]
    ],
    "Dzu": [
      [
        0.0
      ],
      [
        0.0
      ],
      [
        0.0
      ],
      [
        0.0
      ],
      [
        0.0
      ],
      [
        0.0
      ],
      [
        0.0
      ],
      [
        1.0
      ]
    ],
    "Cy": [
      [
        0.9999999825436436,
        9.613271649409337e-11,
        -1.8783875264070903e-10,
        2.9662363867819564e-06,
        2.3158153151403923e-09,
        -3.8363716886036095e-10,
        -7.101200272315505e-11
      ],
      [
        -1.8783852050131012e-10,
        2.36767863026617e-12,
        0.9999999998532887,
        1.228235426572739e-06,
        9.756991891666163e-10,
        -1.1305272529298668e-10,
        -3.2061150283215554e-11
      ],
      [
        2.315815769974769e-09,
        -3.7046590259403704e-11,
        9.757030946753236e-10,
        -1.5424286692604525e-05,
        0.9999999778852554,
        1.3635074671702073e-09,
        4.1562862895205014e-10
      ]
    ],
    "Dyw": [
      [
        2.129565786502316e-15,
        -2.105512514533059e-05,
        0.0,
        0.0,
        0.0,
        0.0,
        0.0,
        0.0,
        0.0,
        0.0001,
        0.0,
        0.0
      ],
      [
        8.851688606179597e-16,
        -8.71833874405148e-06,
        0.0,
        0.0,
        0.0,
        0.0,
        0.0,
        0.0,
        0.0,
        0.0,
        0.0001,
        0.0
      ],
      [
        -1.110013011565823e-14,
        0.0001094856916818987,
        0.0,
        0.0,
        0.0,
        0.0,
        0.0,
        0.0,
        0.0,
        0.0,
        0.0,
        0.0001
      ]
    ]
  },
  "plant_dims": {
    "nx": 7,
    "nu": 1,
    "nw": 12,
    "ny": 3,
    "nz": 8
  },
  "initial_conds": {
    "X": [
      [
        0.07
      ],
      [
        0.0
      ],
      [
        0.0
      ],
      [
        0.0
      ],
      [
        0.0
      ],
      [
        0.0
      ],
      [
        0.0
      ]
    ],
    "Xc": [
      [
        0.0
      ],
      [
        0.0
      ],
      [
        0.0
      ],
      [
        0.0
      ],
      [
        0.0
      ],
      [
        0.0
      ],
      [
        0.0
      ]
    ]
  },
  "composite_closed_loop": {
    "Acl": [
      [
        0.9994753475765844,
        9.648981074011216e-05,
        -1.0184084662355923e-05,
        -0.001333110711100011,
        -0.00024040463881919364,
        -0.001354418160856299,
        -5.239368952423785e-05,
        -1.3981807293613766e-05,
        -5.141658894834808e-05,
        1.276385899062873e-06,
        -1.1253563857716832e-07,
        -8.493287165709031e-08,
        -6.180209686849658e-08,
        2.0311334218569966e-07
      ],
      [
        -0.001199393118535486,
        0.9518919426147866,
        0.048379091278664486,
        -0.004395693588435668,
        -0.0007968544919471909,
        -0.0016958115668435267,
        -0.00010946996090842374,
        -4.977747455147196e-05,
        -0.0001830512961703384,
        4.544138341649134e-06,
        -4.006449071835838e-07,
        -3.023746336015718e-07,
        -2.200253686448909e-07,
        7.23116047117247e-07
      ],
      [
        -0.04735789389043241,
        -1.898517275132586,
        0.9196896257532006,
        -0.17347103056825425,
        -0.031445705490776715,
        -0.0660866744294466,
        -0.004604752206469955,
        -0.0019411485740088194,
        -0.007138364606346047,
        0.00017720560838959193,
        -1.5623759487017045e-05,
        -1.1791560221183895e-05,
        -8.580224980059079e-06,
        2.819901363724429e-05
      ],
      [
        -5.2512516009310145e-05,
        1.1307781294207421e-05,
        -1.6116105821804593e-06,
        0.020283499197607094,
        0.03083656234007502,
        -2.9618901305820366e-05,
        -3.885989441912308e-06,
        -2.0348219981635904e-06,
        -7.482838524775034e-06,
        1.8575696625036695e-07,
        -1.6377710559549852e-08,
        -1.2360582003872265e-08,
        -8.99427832180848e-09,
        2.955980497519561e-08
      ],
      [
        -0.0016319355244716978,
        0.00035134775645755866,
        -4.978115271953468e-05,
        -30.440675683052255,
        -0.01931181235732971,
        -0.000911644520412318,
        -0.000123694760600866,
        -6.298296110787959e-05,
        -0.0002316130493024871,
        5.749654658453311e-06,
        -5.069321582620849e-07,
        -3.8259172366095817e-07,
        -2.783959885666446e-07,
        9.149517986288121e-07
      ],
      [
        0.0029448321391552807,
        3.706035041564186e-11,
        -0.0035267019921395716,
        7.316113602730659e-09,
        -0.00014633241417022524,
        0.9016725306703289,
        0.03449043067589758,
        -0.002731745531381262,
        -0.010045699683092562,
        0.00024937845321867995,
        -2.1987052270755498e-05,
        -1.6594063109610176e-05,
        -1.207480538139157e-05,
        3.96839945815252e-05
      ],
      [
        0.10329618830284236,
        -3.05130967114365e-10,
        -0.12370650057748038,
        2.324672993817937e-07,
        -0.005132914058395328,
        -3.449043119543111,
        0.4188065117376667,
        -0.09582172803934229,
        -0.35237407435658236,
        0.00874747448057859,
        -0.0007712421669121754,
        -0.0005820717135218504,
        -0.0004235492303701719,
        0.0013919996912680678
      ],
      [
        0.5630131801793287,
        5.337307414421048e-11,
        -0.6006678091639372,
        1.2117530109151122e-06,
        -0.018119753073756652,
        -1.7279207354496668e-10,
        -2.8253681870055127e-11,
        0.6419006455990398,
        -0.630714660881517,
        0.006799469099526703,
        -0.003996063793089743,
        -0.0009884775822394855,
        -0.00129051072880764,
        0.004747538585903335
      ],
      [
        -0.6775508105008874,
        -6.408740642060706e-11,
        0.25131468058769535,
        -1.5127620177312307e-06,
        -0.012210633225287591,
        2.1487258152579983e-10,
        3.4981714786663354e-11,
        -0.2755495647596516,
        0.3271455454554913,
        0.01814491965081337,
        0.0024263333039041836,
        -0.0012700101309031802,
        -0.001855685767884536,
        0.0013528398010573624
      ],
      [
        -15.099930045230444,
        -1.4474532607279204e-09,
        6.4421800827928415,
        -4.1502643338594545e-05,
        0.2998643611255411,
        5.473455842210077e-09,
        9.90364816420715e-10,
        -0.02192643979088757,
        -0.05621514933384426,
        0.9647497566059767,
        0.09292389445463606,
        -0.019116983425858033,
        -0.002266163082418219,
        0.007012832595895804
      ],
      [
        38.5899477180148,
        3.6654484302069856e-09,
        1.2736027925402178,
        9.632808212782542e-05,
        1.2774083092973731,
        -1.3206767130412343e-08,
        -2.2502552525261978e-09,
        -0.014348735591569559,
        -0.005090145971970429,
        0.06690624232055356,
        0.7286028827652852,
        0.02145588169689078,
        0.14174025774712803,
        -0.024148310189424354
      ],
      [
        -1.286523853230187,
        -7.574300594739918e-10,
        -1.4413144571425138,
        -0.00026802761373752483,
        17.014803053656845,
        2.3856314457002177e-08,
        7.209408263038973e-09,
        0.004329556091571666,
        0.006424050793733303,
        -0.0973124701634038,
        -0.15235485163078277,
        0.6735773119547543,
        0.9392104514759175,
        -0.09610262513681604
      ],
      [
        1.88125079224041,
        5.923664354143069e-10,
        0.9607858762005889,
        0.0001771474739786097,
        -11.046680312276564,
        -1.5892568646882457e-08,
        -4.7557119876705286e-09,
        -0.0031642381040254417,
        -0.0042287358500472895,
        0.05514185516809015,
        0.14891201998718837,
        -0.38134290527428794,
        -0.595442902101718,
        0.0582631039559671
      ],
      [
        0.032236703807996724,
        2.7372254293748797e-12,
        -0.004694309864233609,
        -5.614154091452971e-08,
        0.009465430033800156,
        1.0696912554645223e-12,
        1.795415802483302e-12,
        1.7804657820616414e-05,
        5.8375235377487374e-05,
        0.00027486165229223997,
        -0.001683647821975828,
        0.015275497579182977,
        0.023235006717619765,
        0.023847224090025477
      ]
    ],
    "Bcl": [
      [
        0.00404290452603237,
        2.3767485404544325e-07,
        0.0001,
        0.0,
        0.0,
        0.0,
        0.0,
        0.0,
        0.0,
        1.5072442017692485e-09,
        -1.8050607996640836e-09,
        -7.48968217669687e-11
      ],
      [
        0.013411542118034466,
        8.05344952480896e-07,
        0.0,
        0.0001,
        0.0,
        0.0,
        0.0,
        0.0,
        0.0,
        5.366030894353062e-09,
        -6.426305708002315e-09,
        -2.66644687714604e-10
      ],
      [
        0.5292711821183381,
        3.180410083223049e-05,
        0.0,
        0.0,
        0.0001,
        0.0,
        0.0,
        0.0,
        0.0,
        2.092565625821348e-07,
        -2.5060359678019363e-07,
        -1.0398216462127141e-08
      ],
      [
        0.0005429928459587959,
        7.060758890498984e-07,
        0.0,
        0.0,
        0.0,
        0.0001,
        0.0,
        0.0,
        0.0,
        2.1935459372018654e-10,
        -2.626968993383912e-10,
        -1.0900000073207668e-11
      ],
      [
        0.01687147185823579,
        -0.000999494968234398,
        0.0,
        0.0,
        0.0,
        0.0,
        0.0001,
        0.0,
        0.0,
        6.789587422183218e-09,
        -8.13114297423684e-09,
        -3.3738296583499514e-10
      ],
      [
        3.823433658049092e-18,
        -4.960699308846122e-08,
        0.0,
        0.0,
        0.0,
        0.0,
        0.0,
        0.0001,
        0.0,
        2.9448321854386456e-07,
        -3.5267019991085717e-07,
        -1.463323402190122e-08
      ],
      [
        1.7577361450454155e-16,
        -1.6542360788339988e-06,
        0.0,
        0.0,
        0.0,
        0.0,
        0.0,
        0.0,
        0.0001,
        1.0329619122756459e-05,
        -1.2370650045998802e-05,
        -5.132915034269974e-07
      ],
      [
        8.68412815619825e-16,
        -8.601341560799417e-06,
        0.0,
        0.0,
        0.0,
        0.0,
        0.0,
        0.0,
        0.0,
        5.63013189936621e-05,
        -6.0066780912862685e-05,
        -1.8119754192233864e-06
      ],
      [
        -1.084893514386027e-15,
        1.073798132966142e-05,
        0.0,
        0.0,
        0.0,
        0.0,
        0.0,
        0.0,
        0.0,
        -6.775508222529719e-05,
        2.5131468050920975e-05,
        -1.2210632171447562e-06
      ],
      [
        -2.978241157882347e-14,
        0.00029459667498919897,
        0.0,
        0.0,
        0.0,
        0.0,
        0.0,
        0.0,
        0.0,
        -0.0015099930308304552,
        0.0006442180080609051,
        2.9986439643998565e-05
      ],
      [
        6.912778957838222e-14,
        -0.0006837619678295157,
        0.0,
        0.0,
        0.0,
        0.0,
        0.0,
        0.0,
        0.0,
        0.0038589948388935676,
        0.00012736027987293863,
        0.00012774082469370836
      ],
      [
        -1.9288207601789554e-13,
        0.0019025313127012911,
        0.0,
        0.0,
        0.0,
        0.0,
        0.0,
        0.0,
        0.0,
        -0.00012865239153620915,
        -0.00014413144741970264,
        0.0017014803434320521
      ],
      [
        1.2747629677991127e-13,
        -0.0012574398910265405,
        0.0,
        0.0,
        0.0,
        0.0,
        0.0,
        0.0,
        0.0,
        0.0001881250850842745,
        9.607858874731994e-05,
        -0.0011046680561865151
      ],
      [
        -4.057258078994472e-17,
        3.9850790884424904e-07,
        0.0,
        0.0,
        0.0,
        0.0,
        0.0,
        0.0,
        0.0,
        3.223670434793016e-06,
        -4.6943098681024643e-07,
        9.465430173051708e-07
      ]
    ],
    "Ccl": [
      [
        1.0,
        0.0,
        0.0,
        0.0,
        0.0,
        0.0,
        0.0,
        0.0,
        0.0,
        0.0,
        0.0,
        0.0,
        0.0,
        0.0
      ],
      [
        0.0,
        1.0,
        0.0,
        0.0,
        0.0,
        0.0,
        0.0,
        0.0,
        0.0,
        0.0,
        0.0,
        0.0,
        0.0,
        0.0
      ],
      [
        0.0,
        0.0,
        1.0,
        0.0,
        0.0,
        0.0,
        0.0,
        0.0,
        0.0,
        0.0,
        0.0,
        0.0,
        0.0,
        0.0
      ],
      [
        0.0,
        0.0,
        0.0,
        1.0,
        0.0,
        0.0,
        0.0,
        0.0,
        0.0,
        0.0,
        0.0,
        0.0,
        0.0,
        0.0
      ],
      [
        0.0,
        0.0,
        0.0,
        0.0,
        1.0,
        0.0,
        0.0,
        0.0,
        0.0,
        0.0,
        0.0,
        0.0,
        0.0,
        0.0
      ],
      [
        0.0,
        0.0,
        0.0,
        0.0,
        0.0,
        1.0,
        0.0,
        0.0,
        0.0,
        0.0,
        0.0,
        0.0,
        0.0,
        0.0
      ],
      [
        0.0,
        0.0,
        0.0,
        0.0,
        0.0,
        0.0,
        1.0,
        0.0,
        0.0,
        0.0,
        0.0,
        0.0,
        0.0,
        0.0
      ],
      [
        0.02994923152607317,
        2.8493129921398433e-12,
        -0.035866905100587765,
        6.7738141569608e-08,
        -0.0014882141795907794,
        -9.463978460617763e-12,
        -1.595365160022978e-12,
        -0.027782119882205088,
        -0.10216575068585891,
        0.0025362033190028054,
        -0.00022361047726637048,
        -0.00016876324875361308,
        -0.0001228019545768211,
        0.00040359011562517193
      ]
    ],
    "Dcl": [
      [
        0.0,
        0.0,
        0.0,
        0.0,
        0.0,
        0.0,
        0.0,
        0.0,
        0.0,
        0.0,
        0.0,
        0.0
      ],
      [
        0.0,
        0.0,
        0.0,
        0.0,
        0.0,
        0.0,
        0.0,
        0.0,
        0.0,
        0.0,
        0.0,
        0.0
      ],
      [
        0.0,
        0.0,
        0.0,
        0.0,
        0.0,
        0.0,
        0.0,
        0.0,
        0.0,
        0.0,
        0.0,
        0.0
      ],
      [
        0.0,
        0.0,
        0.0,
        0.0,
        0.0,
        0.0,
        0.0,
        0.0,
        0.0,
        0.0,
        0.0,
        0.0
      ],
      [
        0.0,
        0.0,
        0.0,
        0.0,
        0.0,
        0.0,
        0.0,
        0.0,
        0.0,
        0.0,
        0.0,
        0.0
      ],
      [
        0.0,
        0.0,
        0.0,
        0.0,
        0.0,
        0.0,
        0.0,
        0.0,
        0.0,
        0.0,
        0.0,
        0.0
      ],
      [
        0.0,
        0.0,
        0.0,
        0.0,
        0.0,
        0.0,
        0.0,
        0.0,
        0.0,
        0.0,
        0.0,
        0.0
      ],
      [
        4.854996415629286e-17,
        -4.808231665632772e-07,
        0.0,
        0.0,
        0.0,
        0.0,
        0.0,
        0.0,
        0.0,
        2.9949232045586883e-06,
        -3.586690509877217e-06,
        -1.4882142468638373e-07
      ]
    ]
  },
  "Acl_eigenvals": {
    "cartesian": [
      {
        "re": 0.00048815718515626827,
        "im": 0.9686537895398253,
        "abs": 0.9686539125442593
      },
      {
        "re": 0.00048815718515626827,
        "im": -0.9686537895398253,
        "abs": 0.9686539125442593
      },
      {
        "re": -0.19337054952175597,
        "im": 0.0,
        "abs": 0.19337054952175597
      },
      {
        "re": 0.9365204661116633,
        "im": 0.30268051966231185,
        "abs": 0.9842185125413229
      },
      {
        "re": 0.9365204661116633,
        "im": -0.30268051966231185,
        "abs": 0.9842185125413229
      },
      {
        "re": 0.9302916341565082,
        "im": 0.0,
        "abs": 0.9302916341565082
      },
      {
        "re": 0.999189943664305,
        "im": 0.0,
        "abs": 0.999189943664305
      },
      {
        "re": 0.9936107243791908,
        "im": 0.0,
        "abs": 0.9936107243791908
      },
      {
        "re": 0.7182232086366752,
        "im": 0.0,
        "abs": 0.7182232086366752
      },
      {
        "re": 0.6602394077891227,
        "im": 0.2463058692394863,
        "abs": 0.7046862116002771
      },
      {
        "re": 0.6602394077891227,
        "im": -0.2463058692394863,
        "abs": 0.7046862116002771
      },
      {
        "re": 0.2496196358615146,
        "im": 0.0,
        "abs": 0.2496196358615146
      },
      {
        "re": 0.02618176286865722,
        "im": 0.0,
        "abs": 0.02618176286865722
      },
      {
        "re": 0.03864568734471545,
        "im": 0.0,
        "abs": 0.03864568734471545
      }
    ],
    "polar": [
      {
        "abs": 0.9686539125442593,
        "ang_rad": 1.5702923725967073
      },
      {
        "abs": 0.9686539125442593,
        "ang_rad": -1.5702923725967073
      },
      {
        "abs": 0.19337054952175597,
        "ang_rad": 3.141592653589793
      },
      {
        "abs": 0.9842185125413229,
        "ang_rad": 0.31260020136040245
      },
      {
        "abs": 0.9842185125413229,
        "ang_rad": -0.31260020136040245
      },
      {
        "abs": 0.9302916341565082,
        "ang_rad": 0.0
      },
      {
        "abs": 0.999189943664305,
        "ang_rad": 0.0
      },
      {
        "abs": 0.9936107243791908,
        "ang_rad": 0.0
      },
      {
        "abs": 0.7182232086366752,
        "ang_rad": 0.0
      },
      {
        "abs": 0.7046862116002771,
        "ang_rad": 0.3570647170064445
      },
      {
        "abs": 0.7046862116002771,
        "ang_rad": -0.3570647170064445
      },
      {
        "abs": 0.2496196358615146,
        "ang_rad": 0.0
      },
      {
        "abs": 0.02618176286865722,
        "ang_rad": 0.0
      },
      {
        "abs": 0.03864568734471545,
        "ang_rad": 0.0
      }
    ]
  },
  "disturbance": {
    "Sigma_nom": [
      [
        1.0,
        0.0,
        0.0,
        0.0,
        0.0,
        0.0,
        0.0,
        0.0,
        0.0,
        0.0,
        0.0,
        0.0
      ],
      [
        0.0,
        1.0,
        0.0,
        0.0,
        0.0,
        0.0,
        0.0,
        0.0,
        0.0,
        0.0,
        0.0,
        0.0
      ],
      [
        0.0,
        0.0,
        1.0,
        0.0,
        0.0,
        0.0,
        0.0,
        0.0,
        0.0,
        0.0,
        0.0,
        0.0
      ],
      [
        0.0,
        0.0,
        0.0,
        1.0,
        0.0,
        0.0,
        0.0,
        0.0,
        0.0,
        0.0,
        0.0,
        0.0
      ],
      [
        0.0,
        0.0,
        0.0,
        0.0,
        1.0,
        0.0,
        0.0,
        0.0,
        0.0,
        0.0,
        0.0,
        0.0
      ],
      [
        0.0,
        0.0,
        0.0,
        0.0,
        0.0,
        1.0,
        0.0,
        0.0,
        0.0,
        0.0,
        0.0,
        0.0
      ],
      [
        0.0,
        0.0,
        0.0,
        0.0,
        0.0,
        0.0,
        1.0,
        0.0,
        0.0,
        0.0,
        0.0,
        0.0
      ],
      [
        0.0,
        0.0,
        0.0,
        0.0,
        0.0,
        0.0,
        0.0,
        1.0,
        0.0,
        0.0,
        0.0,
        0.0
      ],
      [
        0.0,
        0.0,
        0.0,
        0.0,
        0.0,
        0.0,
        0.0,
        0.0,
        1.0,
        0.0,
        0.0,
        0.0
      ],
      [
        0.0,
        0.0,
        0.0,
        0.0,
        0.0,
        0.0,
        0.0,
        0.0,
        0.0,
        1.0,
        0.0,
        0.0
      ],
      [
        0.0,
        0.0,
        0.0,
        0.0,
        0.0,
        0.0,
        0.0,
        0.0,
        0.0,
        0.0,
        1.0,
        0.0
      ],
      [
        0.0,
        0.0,
        0.0,
        0.0,
        0.0,
        0.0,
        0.0,
        0.0,
        0.0,
        0.0,
        0.0,
        1.0
      ]
    ]
  },
  "dro_variables": {
    "Q": [
      [
        7.307108095839307,
        0.000497892624419346,
        0.0004942306479727366,
        0.0013318431241853704,
        0.0013420376588835462,
        0.0011679789168123678,
        -5.064965194486347e-06,
        -3.2311857842349194e-05,
        -1.7049881276011173e-05,
        1.0323946747809978e-06,
        -1.23718480894648e-06,
        -5.1415475404776316e-08
      ],
      [
        0.000497892624419346,
        8.506526103036496e-06,
        5.531542633129623e-08,
        1.0583176611364578e-07,
        1.1778052154248038e-07,
        8.988370767516347e-08,
        -8.440509475721689e-07,
        -2.421686616274905e-09,
        -1.4458243623957538e-09,
        3.4886685979255585e-09,
        -4.922025192814776e-10,
        2.1405739707226464e-10
      ],
      [
        0.0004942306479727366,
        5.531542633129623e-08,
        7.849501161104158e-06,
        4.0181455184159306e-08,
        3.2605947023635754e-08,
        6.010703186580415e-08,
        -7.570310766176208e-10,
        -7.043205370114067e-08,
        -3.294325137608677e-09,
        -8.910770246358527e-08,
        8.309799128018535e-09,
        -1.754198362843902e-11
      ],
      [
        0.0013318431241853704,
        1.0583176611364578e-07,
        4.0181455184159306e-08,
        6.912284659401776e-06,
        7.709257513898116e-08,
        -3.783682717884351e-08,
        -2.4118243554746314e-09,
        -4.101258232532177e-08,
        6.121081721056986e-10,
        -7.200887761679275e-10,
        -1.875577237691685e-08,
        8.468079054855246e-11
      ],
      [
        0.0013420376588835462,
        1.1778052154248038e-07,
        3.2605947023635754e-08,
        7.709257513898116e-08,
        2.829613761244182e-07,
        1.3920624601942834e-07,
        -3.629741013024113e-09,
        -4.524380367569441e-09,
        -3.2112692991236667e-09,
        9.264970659260306e-10,
        1.7653660708785698e-10,
        1.0117984630910332e-11
      ],
      [
        0.0011679789168123678,
        8.988370767516347e-08,
        6.010703186580415e-08,
        -3.783682717884351e-08,
        1.3920624601942834e-07,
        7.842595521722739e-05,
        4.842028675713544e-08,
        -5.148546451660759e-09,
        -9.33595017015767e-10,
        -4.5015658273783996e-09,
        3.5510327120392693e-10,
        -2.2637204630952485e-08
      ],
      [
        -5.064965194486347e-06,
        -8.440509475721689e-07,
        -7.570310766176208e-10,
        -2.4118243554746314e-09,
        -3.629741013024113e-09,
        4.842028675713544e-08,
        1.1601488782439191e-07,
        6.081443590894543e-11,
        1.5436314116285447e-11,
        -8.756188583988763e-10,
        3.56262172377897e-11,
        4.328918762307037e-11
      ],
      [
        -3.2311857842349194e-05,
        -2.421686616274905e-09,
        -7.043205370114067e-08,
        -4.101258232532177e-08,
        -4.524380367569441e-09,
        -5.148546451660759e-09,
        6.081443590894543e-11,
        1.2754652685623713e-06,
        4.8521160844888154e-08,
        -1.826035349126814e-09,
        1.3537628279152706e-09,
        -7.152804372014855e-11
      ],
      [
        -1.7049881276011173e-05,
        -1.4458243623957538e-09,
        -3.294325137608677e-09,
        6.121081721056986e-10,
        -3.2112692991236667e-09,
        -9.33595017015767e-10,
        1.5436314116285447e-11,
        4.8521160844888154e-08,
        6.005846230791675e-08,
        1.4799210382578018e-09,
        -1.2362018515380767e-09,
        -5.103425542409976e-11
      ],
      [
        1.0323946747809978e-06,
        3.4886685979255585e-09,
        -8.910770246358527e-08,
        -7.200887761679275e-10,
        9.264970659260306e-10,
        -4.5015658273783996e-09,
        -8.756188583988763e-10,
        -1.826035349126814e-09,
        1.4799210382578018e-09,
        5.705534819736687e-08,
        -2.342596113578872e-10,
        2.2672613133958343e-11
      ],
      [
        -1.23718480894648e-06,
        -4.922025192814776e-10,
        8.309799128018535e-09,
        -1.875577237691685e-08,
        1.7653660708785698e-10,
        3.5510327120392693e-10,
        3.56262172377897e-11,
        1.3537628279152706e-09,
        -1.2362018515380767e-09,
        -2.342596113578872e-10,
        3.270184162478323e-08,
        -1.7343349305398503e-11
      ],
      [
        -5.1415475404776316e-08,
        2.1405739707226464e-10,
        -1.754198362843902e-11,
        8.468079054855246e-11,
        1.0117984630910332e-11,
        -2.2637204630952485e-08,
        4.328918762307037e-11,
        -7.152804372014855e-11,
        -5.103425542409976e-11,
        2.2672613133958343e-11,
        -1.7343349305398503e-11,
        3.2363865919651336e-08
      ]
    ],
    "X": [
      [
        780.6726878946753,
        1.0153898104580341,
        0.2348831215640787,
        3.3774034423977035,
        -0.06428355206996425,
        -6.970351620190731,
        -0.29099224355046366
      ],
      [
        1.0153898104580341,
        679.9737058080877,
        -0.44437181237444995,
        -10.879746186657925,
        -0.21040939735106398,
        -3.904943436492643,
        0.16479832523420263
      ],
      [
        0.2348831215640787,
        -0.44437181237444995,
        16.9173249786977,
        6.770145888381407,
        -0.33196556844514397,
        -0.25462273995941304,
        -0.216746456020925
      ],
      [
        3.3774034423977035,
        -10.879746186657925,
        6.770145888381407,
        7833.167966814133,
        4.868989506223757,
        -0.3426936105449309,
        -0.0025168843269807676
      ],
      [
        -0.06428355206996425,
        -0.21040939735106398,
        -0.33196556844514397,
        4.868989506223757,
        8.438595268881317,
        0.005334862030885094,
        0.0011496843620563864
      ],
      [
        -6.970351620190731,
        -3.904943436492643,
        -0.25462273995941304,
        -0.3426936105449309,
        0.005334862030885094,
        124.37917401620349,
        4.8496160094626415
      ],
      [
        -0.29099224355046366,
        0.16479832523420263,
        -0.216746456020925,
        -0.0025168843269807676,
        0.0011496843620563864,
        4.8496160094626415,
        2.841747113765151
      ]
    ],
    "Y": [
      [
        0.0013518871718225074,
        -3.4499065846182534e-05,
        2.7787050336638664e-06,
        -4.632939555159769e-07,
        1.7329188606826313e-05,
        0.0004941918889016318,
        0.00016949936951521426
      ],
      [
        -3.4499065846182534e-05,
        0.0015535683723486573,
        -3.925559982866905e-05,
        2.1400682697185012e-06,
        3.654273229618561e-05,
        -0.00011308810837253042,
        -0.00037455757432846047
      ],
      [
        2.7787050336638664e-06,
        -3.925559982866905e-05,
        0.05942247945238602,
        -5.3884576400411126e-05,
        0.002365756893591354,
        0.0006224906027137631,
        0.012351307092106857
      ],
      [
        -4.632939555159769e-07,
        2.1400682697185012e-06,
        -5.3884576400411126e-05,
        0.00012890608351340987,
        -7.753409302558813e-05,
        8.795994647242605e-07,
        -1.2942700040892329e-05
      ],
      [
        1.7329188606826313e-05,
        3.654273229618561e-05,
        0.002365756893591354,
        -7.753409302558813e-05,
        0.11942026245424488,
        1.1189250830921694e-05,
        0.0003308386837140962
      ],
      [
        0.0004941918889016318,
        -0.00011308810837253042,
        0.0006224906027137631,
        8.795994647242605e-07,
        1.1189250830921694e-05,
        0.03826813047507219,
        -0.0179744591125545
      ],
      [
        0.00016949936951521426,
        -0.00037455757432846047,
        0.012351307092106857,
        -1.2942700040892329e-05,
        0.0003308386837140962,
        -0.0179744591125545,
        0.9809324340858239
      ]
    ],
    "K": [
      [
        0.9991872536506959,
        -0.001242004411671505,
        0.04802485122516166,
        -5.345791002274669e-05,
        0.001452727986279571,
        -0.0005237230275510528,
        -0.0007843635216409038
      ],
      [
        -7.977137012855563e-05,
        0.9495120636621066,
        1.841330563173298,
        0.00011667974244849807,
        -0.00503767243700684,
        -0.0011108503151877136,
        -0.02382425749239537
      ],
      [
        -7.351236438577216e-06,
        -0.04983569395500946,
        0.923205543726326,
        5.3443694154369445e-05,
        -0.0023327700877780193,
        -0.0006165724509942094,
        -0.012142010106265269
      ],
      [
        0.007169666998710286,
        -0.02731160584075961,
        0.9063193300707125,
        -0.018003483629910874,
        28.565631415697847,
        -0.0010052621231527688,
        -0.023525634413712568
      ],
      [
        -3.8942596018633605e-05,
        0.00012881101991381997,
        -0.0049269227434367855,
        -0.032858848340092034,
        0.019045600418854964,
        3.0014812074747684e-06,
        5.542843503783342e-05
      ],
      [
        -8.961061790325541e-05,
        0.00040220491627560734,
        -0.00118516128887799,
        3.959108581736432e-05,
        -0.0010049729262077292,
        0.9358768427517448,
        0.14643999886085127
      ],
      [
        -0.00027238732849545774,
        0.0005610929868665001,
        -0.018749411897116118,
        1.838513555926093e-05,
        -0.00046319658096469343,
        -0.034163509637956835,
        0.03331888394545136
      ]
    ],
    "L": [
      [
        -8.913104753884374,
        0.8337701917086681,
        -0.0016384299807580172
      ],
      [
        -0.07827321161039685,
        -1.8680608042624942,
        0.008780481315438791
      ],
      [
        0.08632922099957592,
        0.025227798808056826,
        0.0013265872282480936
      ],
      [
        -0.45565810146653135,
        0.04210220169045792,
        -2.263442043922856
      ],
      [
        -0.08753792699716133,
        0.003534028314180544,
        0.004327713990763764
      ],
      [
