{
  "prob": "DDD",
  "meta": {
    "model": "independent",
    "disturbance_type": "2W_independent",
    "gamma": 0.5,
    "objective": 16.087523588185487,
    "spectral_radius_Acl": 0.9989068417533546,
    "Z_cost": 7.645089185972963,
    "lambda_opt": 21.44988829231627,
    "trace_Q_Sigma": 10.725051515106419,
    "real_Z_mats": true,
    "N_sims": 1,
    "SNR": -2.5491743090383325
  },
  "solver_performance": {
    "solver": "MOSEK",
    "status": "optimal",
    "num_violations": 0,
    "tot_constraints:": 3,
    "Time_seconds": 0.4425809999993362,
    "attempt": 1,
    "Total_time": 0.4425809999993362,
    "stress": 4.942598078099333
  },
  "problem_params": {
    "Methodology": "EstmMat",
    "FROM_DATA": true,
    "augmented": true,
    "reg_fro": false,
    "non_convex": true,
    "N_sims": 1
  },
  "controller": {
    "Ac": [
      [
        0.39358938940769905,
        -0.7418416643998287,
        0.016337452622813033,
        -0.011574121488170724,
        0.008545707702952222,
        0.012499832561233529,
        0.03643629701571387
      ],
      [
        -0.2576761741020145,
        0.5764508983669088,
        0.0317070377220339,
        0.006990187480073945,
        0.00034113757889689996,
        0.0003641542486931847,
        -0.0007900768184849933
      ],
      [
        -0.011878218016858191,
        -0.0038822136610507665,
        0.9718294757587795,
        0.07762166898131981,
        0.014795092498001722,
        0.010595444389892593,
        0.02827271100588153
      ],
      [
        -0.011420990977041096,
        0.0229182505932515,
        0.04273829413441997,
        0.7394439319365668,
        -0.00476716174346598,
        -0.07130317436125927,
        -0.03495769039824965
      ],
      [
        -0.000774327064559035,
        0.005881629854068265,
        0.06327812194513599,
        0.08012295369623797,
        0.46632146691084575,
        0.5694046127603011,
        0.03313512432662438
      ],
      [
        0.0007801098683135169,
        -0.005322546780715275,
        -0.02708563006714362,
        -0.11320213547228618,
        -0.268352517203324,
        -0.38858741630299554,
        -0.01823867004503697
      ],
      [
        -0.002053931547365187,
        -0.0030020910384600443,
        0.00028136985929202204,
        -0.0001317044267368399,
        -0.011945877146176096,
        -0.016607213815954414,
        0.05032538625910199
      ]
    ],
    "Bc": [
      [
        0.3024192540819675,
        -1.0441495876980216,
        -0.03365161697868553
      ],
      [
        -2.3874958808266635,
        1.5487181800916279,
        -0.013208751902806435
      ],
      [
        -30.852633068867554,
        18.01127139643063,
        0.3388729719300939
      ],
      [
        92.01464384437806,
        2.1839203797604405,
        1.5270383883879
      ],
      [
        0.27957253430156587,
        2.8152109849245295,
        -40.12927074746887
      ],
      [
        -4.772915758967791,
        -1.8496336511658953,
        28.736106896458796
      ],
      [
        -0.43272980374519004,
        -0.005233551032937975,
        0.023077497743278785
      ]
    ],
    "Cc": [
      [
        -0.016493687490410493,
        -0.03708034811136529,
        0.0015593365531419694,
        -0.00033885725068838663,
        0.00031031791034254847,
        0.000431939666214621,
        0.0012670401900680048
      ]
    ],
    "Dc": [
      [
        0.0030184599654283642,
        -0.025071693879327537,
        -0.0011611531636180619
      ]
    ]
  },
  "plant": {
    "A": [
      [
        0.9998880010685612,
        0.0001289363790945766,
        1.2080199596413324e-05,
        -0.005911738260425504,
        -0.00023951347911483966,
        -0.0016209390773449417,
        -3.882994822917595e-05
      ],
      [
        0.00017551931894705866,
        0.9520866529654851,
        0.048466121213553606,
        -0.023991662033095627,
        -0.000972330054416148,
        -0.0028894520645946723,
        -7.511236442506622e-05
      ],
      [
        0.006926529575003656,
        -1.89083331302274,
        0.9230941283070367,
        -0.946802432649547,
        -0.03837184932418878,
        -0.11319225836516686,
        -0.003248867315697754
      ],
      [
        3.1325329421918457e-06,
        1.919101614987022e-05,
        1.9371234531165732e-06,
        0.019490129240605503,
        0.030829458887249365,
        -7.794593642000782e-05,
        -2.4949592427327047e-06
      ],
      [
        9.729784795676237e-05,
        0.0005962847080809311,
        6.0171442672496367e-05,
        -30.465346926414558,
        -0.019532578885839137,
        -0.0024132087799532986,
        -8.047364446563976e-05
      ],
      [
        -1.4006169045653355e-11,
        9.305077983174518e-11,
        3.468072482694911e-12,
        1.0476465977959865e-10,
        -6.789365263609534e-11,
        0.9016725306659464,
        0.03449043067459775
      ],
      [
        1.4559212886187404e-10,
        -1.329228437560655e-09,
        -3.2386149074481854e-11,
        -1.4929100668363837e-09,
        6.345213678276878e-10,
        -3.4490431194346725,
        0.4188065117597771
      ]
    ],
    "Bw": [
      [
        0.004059156317152022,
        1.9422775875259736e-07,
        0.0001,
        0.0,
        0.0,
        0.0,
        0.0,
        0.0,
        0.0,
        0.0,
        0.0,
        0.0
      ],
      [
        0.016495671711966014,
        8.063846679261838e-07,
        0.0,
        0.0001,
        0.0,
        0.0,
        0.0,
        0.0,
        0.0,
        0.0,
        0.0,
        0.0
      ],
      [
        0.6509820733281239,
        3.183837621040838e-05,
        0.0,
        0.0,
        0.0001,
        0.0,
        0.0,
        0.0,
        0.0,
        0.0,
        0.0,
        0.0
      ],
      [
        0.0006678611312201957,
        7.060160182689625e-07,
        0.0,
        0.0,
        0.0,
        0.0001,
        0.0,
        0.0,
        0.0,
        0.0,
        0.0,
        0.0
      ],
      [
        0.02075127895261703,
        -0.0009994937652979198,
        0.0,
        0.0,
        0.0,
        0.0,
        0.0001,
        0.0,
        0.0,
        0.0,
        0.0,
        0.0
      ],
      [
        -8.061939085197951e-19,
        -4.0083124523758743e-10,
        0.0,
        0.0,
        0.0,
        0.0,
        0.0,
        0.0001,
        0.0,
        0.0,
        0.0,
        0.0
      ],
      [
        4.922936628251122e-18,
        5.704378180905424e-09,
        0.0,
        0.0,
        0.0,
        0.0,
        0.0,
        0.0,
        0.0001,
        0.0,
        0.0,
        0.0
      ]
    ],
    "Bu": [
      [
        8.755812147466684e-05
      ],
      [
        0.0005105845591391018
      ],
      [
        0.0193122983257861
      ],
      [
        2.13733152325985e-05
      ],
      [
        0.0006554219365572775
      ],
      [
        0.0983274690076787
      ],
      [
        3.44904306949269
      ]
    ],
    "Cz": [
      [
        1.0,
        0.0,
        0.0,
        0.0,
        0.0,
        0.0,
        0.0
      ],
      [
        0.0,
        1.0,
        0.0,
        0.0,
        0.0,
        0.0,
        0.0
      ],
      [
        0.0,
        0.0,
        1.0,
        0.0,
        0.0,
        0.0,
        0.0
      ],
      [
        0.0,
        0.0,
        0.0,
        1.0,
        0.0,
        0.0,
        0.0
      ],
      [
        0.0,
        0.0,
        0.0,
        0.0,
        1.0,
        0.0,
        0.0
      ],
      [
        0.0,
        0.0,
        0.0,
        0.0,
        0.0,
        1.0,
        0.0
      ],
      [
        0.0,
        0.0,
        0.0,
        0.0,
        0.0,
        0.0,
        1.0
      ],
      [
        0.0,
        0.0,
        0.0,
        0.0,
        0.0,
        0.0,
        0.0
      ]
    ],
    "Dzw": [
      [
        0.0,
        0.0,
        0.0,
        0.0,
        0.0,
        0.0,
        0.0,
        0.0,
        0.0,
        0.0,
        0.0,
        0.0
      ],
      [
        0.0,
        0.0,
        0.0,
        0.0,
        0.0,
        0.0,
        0.0,
        0.0,
        0.0,
        0.0,
        0.0,
        0.0
      ],
      [
        0.0,
        0.0,
        0.0,
        0.0,
        0.0,
        0.0,
        0.0,
        0.0,
        0.0,
        0.0,
        0.0,
        0.0
      ],
      [
        0.0,
        0.0,
        0.0,
        0.0,
        0.0,
        0.0,
        0.0,
        0.0,
        0.0,
        0.0,
        0.0,
        0.0
      ],
      [
        0.0,
        0.0,
        0.0,
        0.0,
        0.0,
        0.0,
        0.0,
        0.0,
        0.0,
        0.0,
        0.0,
        0.0
      ],
      [
        0.0,
        0.0,
        0.0,
        0.0,
        0.0,
        0.0,
        0.0,
        0.0,
        0.0,
        0.0,
        0.0,
        0.0
      ],
      [
        0.0,
        0.0,
        0.0,
        0.0,
        0.0,
        0.0,
        0.0,
        0.0,
        0.0,
        0.0,
        0.0,
        0.0
      ],
      [
        0.0,
        0.0,
        0.0,
        0.0,
        0.0,
        0.0,
        0.0,
        0.0,
        0.0,
        0.0,
        0.0,
        0.0
      ]
    ],
    "Dzu": [
      [
        0.0
      ],
      [
        0.0
      ],
      [
        0.0
      ],
      [
        0.0
      ],
      [
        0.0
      ],
      [
        0.0
      ],
      [
        0.0
      ],
      [
        1.0
      ]
    ],
    "Cy": [
      [
        0.9999999912203263,
        3.7341217804458344e-11,
        -1.3546527419587637e-10,
        2.0613550330756533e-06,
        1.4372138798066366e-09,
        -3.358745547486896e-12,
        -2.8601206022389076e-11
      ],
      [
        -1.3546552774471725e-10,
        -1.7751562556735873e-11,
        0.9999999998836924,
        1.0959541436807809e-06,
        7.732628904743871e-10,
        3.356032125351099e-12,
        -1.742698527867261e-11
      ],
      [
        1.4372139685536283e-09,
        1.81930956595469e-10,
        7.732641405063141e-10,
        -1.1856143580879783e-05,
        0.9999999825197173,
        -5.4644882188722483e-11,
        2.131038971962879e-10
      ]
    ],
    "Dyw": [
      [
        2.0241339759094155e-15,
        -1.573949386069612e-05,
        0.0,
        0.0,
        0.0,
        0.0,
        0.0,
        0.0,
        0.0,
        0.0001,
        0.0,
        0.0
      ],
      [
        1.1575259485774813e-15,
        -8.368212069953529e-06,
        0.0,
        0.0,
        0.0,
        0.0,
        0.0,
        0.0,
        0.0,
        0.0,
        0.0001,
        0.0
      ],
      [
        -1.1630832830276922e-14,
        9.052774459772372e-05,
        0.0,
        0.0,
        0.0,
        0.0,
        0.0,
        0.0,
        0.0,
        0.0,
        0.0,
        0.0001
      ]
    ]
  },
  "plant_dims": {
    "nx": 7,
    "nu": 1,
    "nw": 12,
    "ny": 3,
    "nz": 8
  },
  "initial_conds": {
    "X": [
      [
        0.07
      ],
      [
        0.0
      ],
      [
        0.0
      ],
      [
        0.0
      ],
      [
        0.0
      ],
      [
        0.0
      ],
      [
        0.0
      ]
    ],
    "Xc": [
      [
        0.0
      ],
      [
        0.0
      ],
      [
        0.0
      ],
      [
        0.0
      ],
      [
        0.0
      ],
      [
        0.0
      ],
      [
        0.0
      ]
    ]
  },
  "composite_closed_loop": {
    "Acl": [
      [
        0.9998882653592434,
        0.00012893637909460693,
        9.884969178292405e-06,
        -0.005911738261081183,
        -0.0002396151475041309,
        -0.0016209390773449443,
        -3.8829948229166916e-05,
        -1.4441562928505548e-06,
        -3.246685624257855e-06,
        1.3653257933989283e-07,
        -2.966970431834539e-08,
        2.717085328953763e-08,
        3.7819825764146834e-08,
        1.1093965887525933e-07
      ],
      [
        0.00017706049798513692,
        0.9520866529654853,
        0.04845331999378818,
        -0.023991662036919145,
        -0.0009729229212896071,
        -0.002889452064594688,
        -7.511236442501356e-05,
        -8.42142215586936e-06,
        -1.8932653193165874e-05,
        7.96173166535479e-07,
        -1.73015279953818e-07,
        1.5844353344521742e-07,
        2.2054172404888306e-07,
        6.46931156857396e-07
      ],
      [
        0.006984822973862015,
        -1.8908333130227333,
        0.9226099362753375,
        -0.9468024327941673,
        -0.038394273860385145,
        -0.11319225836516746,
        -0.003248867315695762,
        -0.00031853101330709375,
        -0.0007161067447506857,
        3.0114372704580726e-05,
        -6.54411231514981e-06,
        5.99295206036984e-06,
        8.341747692677232e-06,
        2.4469458141354032e-05
      ],
      [
        3.1970474380204313e-06,
        1.9191016149877625e-05,
        1.4012582364528905e-06,
        0.019490129240445447,
        0.030829434069556877,
        -7.794593642000848e-05,
        -2.4949592427305003e-06,
        -3.525247820805099e-07,
        -7.925299691186988e-07,
        3.332819170401689e-08,
        -7.242502837814542e-09,
        6.632522520072527e-09,
        9.23198264746847e-09,
        2.7080849394694984e-08
      ],
      [
        9.92762128164869e-05,
        0.0005962847080811583,
        4.3738904518391014e-05,
        -30.465346926419468,
        -0.019533339931090833,
        -0.002413208779953319,
        -8.047364446557216e-05,
        -1.0810324595935388e-05,
        -2.4303273567369025e-05,
        1.0220233834048597e-06,
        -2.220944754626572e-07,
        2.0338916574512073e-07,
        2.8310273250629097e-07,
        8.304459350702726e-07
      ],
      [
        0.00029679751225948506,
        9.308485275867998e-11,
        -0.00246523619926328,
        -6.315616269799731e-10,
        -0.00011417331908640913,
        0.9016725306659434,
        0.03449043067460789,
        -0.0016217825455356757,
        -0.0036460167797142083,
        0.00015332561660160753,
        -3.331897581508955e-05,
        3.0512774711734554e-05,
        4.2471534142905234e-05,
        0.00012458485502039507
      ],
      [
        0.010410798484448867,
        -1.3280332578851505e-09,
        -0.08647335204177269,
        -2.732110540088959e-08,
        -0.004004866618972897,
        -3.4490431194347786,
        0.4188065117601329,
        -0.05688743852917859,
        -0.12789171766788082,
        0.005378218931620929,
        -0.001168733252034127,
        0.0010702998380064208,
        0.0014897785121965243,
        0.004370076186322753
      ],
      [
        0.30241925151990684,
        2.3705719091631393e-11,
        -1.044149587643568,
        -1.2196821313130949e-07,
        -0.03365161676320673,
        -2.6810602378484975e-12,
        2.375533377295259e-12,
        0.39358938940769905,
        -0.7418416643998287,
        0.016337452622813033,
        -0.011574121488170724,
        0.008545707702952222,
        0.012499832561233529,
        0.03643629701571387
      ],
      [
        -2.3874958600940106,
        -1.19047252218956e-10,
        1.5487181802247092,
        -3.067547684440363e-06,
        -0.01320875390568964,
        1.3938329816461575e-11,
        3.848093613227231e-11,
        -0.2576761741020145,
        0.5764508983669088,
        0.0317070377220339,
        0.006990187480073945,
        0.00034113757889689996,
        0.0003641542486931847,
        -0.0007900768184849933
      ],
      [
        -30.852632799944377,
        -1.4101516182381116e-09,
        18.01127139877728,
        -4.787642955115184e-05,
        0.3388729355921139,
        1.4555487574508217e-10,
        6.407555042328727e-10,
        -0.011878218016858191,
        -0.0038822136610507665,
        0.9718294757587795,
        0.07762166898131981,
        0.014795092498001722,
        0.010595444389892593,
        0.02827271100588153
      ],
      [
        92.01464303841836,
        3.6749864125097494e-09,
        2.183920368222449,
        0.00017396353940869755,
        1.5270384956283052,
        -3.8516930119332576e-10,
        -2.3443711022438897e-09,
        -0.011420990977041096,
        0.0229182505932515,
        0.04273829413441997,
        0.7394439319365668,
        -0.00476716174346598,
        -0.07130317436125927,
        -0.03495769039824965
      ],
      [
        0.27957247379129774,
        -7.340291429579382e-09,
        2.8152109535287004,
        0.0004794400361729459,
        -40.129270043419176,
        2.201368197815047e-09,
        -8.608760739973008e-09,
        -0.000774327064559035,
        0.005881629854068265,
        0.06327812194513599,
        0.08012295369623797,
        0.46632146691084575,
        0.5694046127603011,
        0.03313512432662438
      ],
      [
        -4.772915675512653,
        5.08259481705017e-09,
        -1.8496336280836034,
        -0.00035256519690640627,
        28.73610638585357,
        -1.5604575963190066e-09,
        6.292521055244046e-09,
        0.0007801098683135169,
        -0.005322546780715275,
        -0.02708563006714362,
        -0.11320213547228618,
        -0.268352517203324,
        -0.38858741630299554,
        -0.01823867004503697
      ],
      [
        -0.4327297999120873,
        -1.18672429033101e-11,
        -0.00523355095586441,
        -1.1713556175844427e-06,
        0.02307749671390541,
        1.747981908058529e-13,
        1.7385703992381614e-11,
        -0.002053931547365187,
        -0.0030020910384600443,
        0.00028136985929202204,
        -0.0001317044267368399,
        -0.011945877146176096,
        -0.016607213815954414,
        0.05032538625910199
      ]
    ],
    "Bcl": [
      [
        0.004059156317152022,
        1.9423276529465548e-07,
        0.0001,
        0.0,
        0.0,
        0.0,
        0.0,
        0.0,
        0.0,
        2.642906843193954e-11,
        -2.1952304182618215e-10,
        -1.0166838975076397e-11
      ],
      [
        0.016495671711966014,
        8.064138629685912e-07,
        0.0,
        0.0001,
        0.0,
        0.0,
        0.0,
        0.0,
        0.0,
        1.54117905072727e-10,
        -1.2801219766246968e-09,
        -5.928668761389014e-11
      ],
      [
        0.6509820733281239,
        3.183948048071682e-05,
        0.0,
        0.0,
        0.0001,
        0.0,
        0.0,
        0.0,
        0.0,
        5.829339933679458e-09,
        -4.841920317303589e-08,
        -2.242453629772233e-09
      ],
      [
        0.0006678611312201957,
        7.060172403874803e-07,
        0.0,
        0.0,
        0.0,
        0.0001,
        0.0,
        0.0,
        0.0,
        6.451449635807879e-12,
        -5.358652166980778e-11,
        -2.481769259933786e-12
      ],
      [
        0.02075127895261703,
        -0.000999493727821128,
        0.0,
        0.0,
        0.0,
        0.0,
        0.0001,
        0.0,
        0.0,
        1.9783648759616714e-10,
        -1.6432538155160096e-09,
        -7.610452551381594e-11
      ],
      [
        -1.731080816611851e-18,
        5.221498251613255e-09,
        0.0,
        0.0,
        0.0,
        0.0,
        0.0,
        0.0001,
        0.0,
        2.967975287015764e-08,
        -2.4652362028895864e-07,
        -1.1417325170882306e-08
      ],
      [
        -2.7519419639154815e-17,
        2.029194268465368e-07,
        0.0,
        0.0,
        0.0,
        0.0,
        0.0,
        0.0,
        0.0001,
        1.0410798424301845e-06,
        -8.647335201493693e-06,
        -4.0048672715963876e-07
      ],
      [
        -2.0509682325284583e-16,
        9.313342024852913e-07,
        0.0,
        0.0,
        0.0,
        0.0,
        0.0,
        0.0,
        0.0,
        3.0241925408196752e-05,
        -0.00010441495876980216,
        -3.3651616978685534e-06
      ],
      [
        -2.8863012639571308e-15,
        2.3422216072397364e-05,
        0.0,
        0.0,
        0.0,
        0.0,
        0.0,
        0.0,
        0.0,
        -0.00023874958808266637,
        0.0001548718180091628,
        -1.3208751902806435e-06
      ],
      [
        -4.554272371993942e-14,
        0.0003655600959328905,
        0.0,
        0.0,
        0.0,
        0.0,
        0.0,
        0.0,
        0.0,
        -0.0030852633068867556,
        0.001801127139643063,
        3.3887297193009395e-05
      ],
      [
        1.7101718317505454e-13,
        -0.0013283000895495576,
        0.0,
        0.0,
        0.0,
        0.0,
        0.0,
        0.0,
        0.0,
        0.009201464384437806,
        0.00021839203797604405,
        0.00015270383883879
      ],
      [
        4.705614116959137e-13,
        -0.0036607709858505377,
        0.0,
        0.0,
        0.0,
        0.0,
        0.0,
        0.0,
        0.0,
        2.7957253430156587e-05,
        0.000281521098492453,
        -0.004012927074746888
      ],
      [
        -3.4602687540414685e-13,
        0.0026920163507860814,
        0.0,
        0.0,
        0.0,
        0.0,
        0.0,
        0.0,
        0.0,
        -0.0004772915758967791,
        -0.00018496336511658953,
        0.00287361068964588
      ],
      [
        -1.1503715876662512e-15,
        8.943897375968292e-06,
        0.0,
        0.0,
        0.0,
        0.0,
        0.0,
        0.0,
        0.0,
        -4.327298037451901e-05,
        -5.233551032937975e-07,
        2.3077497743278787e-06
      ]
    ],
    "Ccl": [
      [
        1.0,
        0.0,
        0.0,
        0.0,
        0.0,
        0.0,
        0.0,
        0.0,
        0.0,
        0.0,
        0.0,
        0.0,
        0.0,
        0.0
      ],
      [
        0.0,
        1.0,
        0.0,
        0.0,
        0.0,
        0.0,
        0.0,
        0.0,
        0.0,
        0.0,
        0.0,
        0.0,
        0.0,
        0.0
      ],
      [
        0.0,
        0.0,
        1.0,
        0.0,
        0.0,
        0.0,
        0.0,
        0.0,
        0.0,
        0.0,
        0.0,
        0.0,
        0.0,
        0.0
      ],
      [
        0.0,
        0.0,
        0.0,
        1.0,
        0.0,
        0.0,
        0.0,
        0.0,
        0.0,
        0.0,
        0.0,
        0.0,
        0.0,
        0.0
      ],
      [
        0.0,
        0.0,
        0.0,
        0.0,
        1.0,
        0.0,
        0.0,
        0.0,
        0.0,
        0.0,
        0.0,
        0.0,
        0.0,
        0.0
      ],
      [
        0.0,
        0.0,
        0.0,
        0.0,
        0.0,
        1.0,
        0.0,
        0.0,
        0.0,
        0.0,
        0.0,
        0.0,
        0.0,
        0.0
      ],
      [
        0.0,
        0.0,
        0.0,
        0.0,
        0.0,
        0.0,
        1.0,
        0.0,
        0.0,
        0.0,
        0.0,
        0.0,
        0.0,
        0.0
      ],
      [
        0.003018459940654795,
        3.4652500749442385e-13,
        -0.025071693877718283,
        -7.488510527023426e-09,
        -0.0011611531583696144,
        -3.082857123617031e-14,
        1.0314618039606921e-13,
        -0.016493687490410493,
        -0.03708034811136529,
        0.0015593365531419694,
        -0.00033885725068838663,
        0.00031031791034254847,
        0.000431939666214621,
        0.0012670401900680048
      ]
    ],
    "Dcl": [
      [
        0.0,
        0.0,
        0.0,
        0.0,
        0.0,
        0.0,
        0.0,
        0.0,
        0.0,
        0.0,
        0.0,
        0.0
      ],
      [
        0.0,
        0.0,
        0.0,
        0.0,
        0.0,
        0.0,
        0.0,
        0.0,
        0.0,
        0.0,
        0.0,
        0.0
      ],
      [
        0.0,
        0.0,
        0.0,
        0.0,
        0.0,
        0.0,
        0.0,
        0.0,
        0.0,
        0.0,
        0.0,
        0.0
      ],
      [
        0.0,
        0.0,
        0.0,
        0.0,
        0.0,
        0.0,
        0.0,
        0.0,
        0.0,
        0.0,
        0.0,
        0.0
      ],
      [
        0.0,
        0.0,
        0.0,
        0.0,
        0.0,
        0.0,
        0.0,
        0.0,
        0.0,
        0.0,
        0.0,
        0.0
      ],
      [
        0.0,
        0.0,
        0.0,
        0.0,
        0.0,
        0.0,
        0.0,
        0.0,
        0.0,
        0.0,
        0.0,
        0.0
      ],
      [
        0.0,
        0.0,
        0.0,
        0.0,
        0.0,
        0.0,
        0.0,
        0.0,
        0.0,
        0.0,
        0.0,
        0.0
      ],
      [
        -9.406190532778062e-18,
        5.717964220569713e-08,
        0.0,
        0.0,
        0.0,
        0.0,
        0.0,
        0.0,
        0.0,
        3.018459965428364e-07,
        -2.507169387932754e-06,
        -1.1611531636180619e-07
      ]
    ]
  },
  "Acl_eigenvals": {
    "cartesian": [
      {
        "re": -1.9853115644286046e-05,
        "im": 0.9689428523914357,
        "abs": 0.9689428525948255
      },
      {
        "re": -1.9853115644286046e-05,
        "im": -0.9689428523914357,
        "abs": 0.9689428525948255
      },
      {
        "re": -0.1445146131059961,
        "im": 0.0,
        "abs": 0.1445146131059961
      },
      {
        "re": 0.04507346502079364,
        "im": 0.005268117111621726,
        "abs": 0.045380285442937325
      },
      {
        "re": 0.04507346502079364,
        "im": -0.005268117111621726,
        "abs": 0.045380285442937325
      },
      {
        "re": 0.2129846661128376,
        "im": 0.0,
        "abs": 0.2129846661128376
      },
      {
        "re": 0.9354163981188781,
        "im": 0.3017462520699363,
        "abs": 0.9828807855014509
      },
      {
        "re": 0.9354163981188781,
        "im": -0.3017462520699363,
        "abs": 0.9828807855014509
      },
      {
        "re": 0.7319194299070794,
        "im": 0.0,
        "abs": 0.7319194299070794
      },
      {
        "re": 0.9989068417533546,
        "im": 0.0,
        "abs": 0.9989068417533546
      },
      {
        "re": 0.9933485712494328,
        "im": 0.0,
        "abs": 0.9933485712494328
      },
      {
        "re": 0.9303334880563399,
        "im": 0.0,
        "abs": 0.9303334880563399
      },
      {
        "re": 0.6602377073256529,
        "im": 0.24630908295399273,
        "abs": 0.7046857416751607
      },
      {
        "re": 0.6602377073256529,
        "im": -0.24630908295399273,
        "abs": 0.7046857416751607
      }
    ],
    "polar": [
      {
        "abs": 0.9689428525948255,
        "ang_rad": 1.5708168162547163
      },
      {
        "abs": 0.9689428525948255,
        "ang_rad": -1.5708168162547163
      },
      {
        "abs": 0.1445146131059961,
        "ang_rad": 3.141592653589793
      },
      {
        "abs": 0.045380285442937325,
        "ang_rad": 0.11635056962096824
      },
      {
        "abs": 0.045380285442937325,
        "ang_rad": -0.11635056962096824
      },
      {
        "abs": 0.2129846661128376,
        "ang_rad": 0.0
      },
      {
        "abs": 0.9828807855014509,
        "ang_rad": 0.3120411792957426
      },
      {
        "abs": 0.9828807855014509,
        "ang_rad": -0.3120411792957426
      },
      {
        "abs": 0.7319194299070794,
        "ang_rad": 0.0
      },
      {
        "abs": 0.9989068417533546,
        "ang_rad": 0.0
      },
      {
        "abs": 0.9933485712494328,
        "ang_rad": 0.0
      },
      {
        "abs": 0.9303334880563399,
        "ang_rad": 0.0
      },
      {
        "abs": 0.7046857416751607,
        "ang_rad": 0.35706983328820535
      },
      {
        "abs": 0.7046857416751607,
        "ang_rad": -0.35706983328820535
      }
    ]
  },
  "disturbance": {
    "Sigma_nom": [
      [
        1.0,
        0.0,
        0.0,
        0.0,
        0.0,
        0.0,
        0.0,
        0.0,
        0.0,
        0.0,
        0.0,
        0.0
      ],
      [
        0.0,
        1.0,
        0.0,
        0.0,
        0.0,
        0.0,
        0.0,
        0.0,
        0.0,
        0.0,
        0.0,
        0.0
      ],
      [
        0.0,
        0.0,
        1.0,
        0.0,
        0.0,
        0.0,
        0.0,
        0.0,
        0.0,
        0.0,
        0.0,
        0.0
      ],
      [
        0.0,
        0.0,
        0.0,
        1.0,
        0.0,
        0.0,
        0.0,
        0.0,
        0.0,
        0.0,
        0.0,
        0.0
      ],
      [
        0.0,
        0.0,
        0.0,
        0.0,
        1.0,
        0.0,
        0.0,
        0.0,
        0.0,
        0.0,
        0.0,
        0.0
      ],
      [
        0.0,
        0.0,
        0.0,
        0.0,
        0.0,
        1.0,
        0.0,
        0.0,
        0.0,
        0.0,
        0.0,
        0.0
      ],
      [
        0.0,
        0.0,
        0.0,
        0.0,
        0.0,
        0.0,
        1.0,
        0.0,
        0.0,
        0.0,
        0.0,
        0.0
      ],
      [
        0.0,
        0.0,
        0.0,
        0.0,
        0.0,
        0.0,
        0.0,
        1.0,
        0.0,
        0.0,
        0.0,
        0.0
      ],
      [
        0.0,
        0.0,
        0.0,
        0.0,
        0.0,
        0.0,
        0.0,
        0.0,
        1.0,
        0.0,
        0.0,
        0.0
      ],
      [
        0.0,
        0.0,
        0.0,
        0.0,
        0.0,
        0.0,
        0.0,
        0.0,
        0.0,
        1.0,
        0.0,
        0.0
      ],
      [
        0.0,
        0.0,
        0.0,
        0.0,
        0.0,
        0.0,
        0.0,
        0.0,
        0.0,
        0.0,
        1.0,
        0.0
      ],
      [
        0.0,
        0.0,
        0.0,
        0.0,
        0.0,
        0.0,
        0.0,
        0.0,
        0.0,
        0.0,
        0.0,
        1.0
      ]
    ]
  },
  "dro_variables": {
    "Q": [
      [
        10.724932732229085,
        0.0008369651086664994,
        0.0005873774375806191,
        0.0015107256801727485,
        0.0016056125097984797,
        0.0008970837412551986,
        -3.062572725647276e-05,
        -5.8165346377089096e-05,
        -6.205201799796357e-06,
        -4.690968753202165e-09,
        -1.1780904870414919e-07,
        -5.76443712990574e-09
      ],
      [
        0.0008369651086664994,
        9.018793727047888e-06,
        9.877565071084222e-08,
        9.678547975071117e-08,
        1.5355830655906377e-07,
        2.5374722094453443e-08,
        -8.809880131054886e-07,
        -8.93460031730495e-09,
        -5.382329094005316e-10,
        1.574475229469084e-08,
        -2.3835336882210274e-09,
        -1.7252318387400524e-10
      ],
      [
        0.0005873774375806191,
        9.877565071084222e-08,
        1.109367737142489e-05,
        -1.42088027687675e-06,
        5.803758725717265e-08,
        5.921651747404225e-08,
        -1.4253811677247275e-10,
        -6.496236858399072e-08,
        -4.55896215662725e-09,
        -4.734043605444957e-07,
        7.383521350306012e-08,
        3.9175634857396645e-10
      ],
      [
        0.0015107256801727485,
        9.678547975071117e-08,
        -1.42088027687675e-06,
        9.104557729538784e-06,
        1.4627938432853907e-08,
        -1.645246694860327e-07,
        -1.1503060249590691e-09,
        6.568316622168328e-08,
        4.445838394593846e-09,
        -2.0556312786889346e-09,
        -1.3319751187429918e-07,
        1.1062132144564995e-09
      ],
      [
        0.0016056125097984797,
        1.5355830655906377e-07,
        5.803758725717265e-08,
        1.4627938432853907e-08,
        4.1186161454560766e-07,
        5.539232354209112e-08,
        -7.527445850389558e-09,
        -1.0205380269585257e-08,
        -1.0378824390111937e-09,
        3.146949649862003e-09,
        2.8860586969324605e-09,
        9.31358145221575e-11
      ],
      [
        0.0008970837412551986,
        2.5374722094453443e-08,
        5.921651747404225e-08,
        -1.645246694860327e-07,
        5.539232354209112e-08,
        8.277728155258514e-05,
        4.5757197534809665e-08,
        -6.7494169244350306e-09,
        -2.2580139017706848e-10,
        -1.3421372738556433e-08,
        4.6995026205756075e-09,
        -1.310968335260543e-07
      ],
      [
        -3.062572725647276e-05,
        -8.809880131054886e-07,
        -1.4253811677247275e-10,
        -1.1503060249590691e-09,
        -7.527445850389558e-09,
        4.5757197534809665e-08,
        2.537924765821993e-07,
        5.636811145114071e-10,
        2.1296775124293157e-11,
        -4.075988287337122e-09,
        1.8224237975575022e-10,
        3.137329127248157e-10
      ],
      [
        -5.8165346377089096e-05,
        -8.93460031730495e-09,
        -6.496236858399072e-08,
        6.568316622168328e-08,
        -1.0205380269585257e-08,
        -6.7494169244350306e-09,
        5.636811145114071e-10,
        5.155120195985118e-06,
        3.0283866596607015e-07,
        -3.6060089979616497e-09,
        1.079782642206134e-08,
        -7.567419710641925e-11
      ],
      [
        -6.205201799796357e-06,
        -5.382329094005316e-10,
        -4.55896215662725e-09,
        4.445838394593846e-09,
        -1.0378824390111937e-09,
        -2.2580139017706848e-10,
        2.1296775124293157e-11,
        3.0283866596607015e-07,
        3.0174532773068816e-07,
        4.0310576841889776e-10,
        -7.349033746690758e-10,
        -2.753187110429533e-11
      ],
      [
        -4.690968753202165e-09,
        1.574475229469084e-08,
        -4.734043605444957e-07,
        -2.0556312786889346e-09,
        3.146949649862003e-09,
        -1.3421372738556433e-08,
        -4.075988287337122e-09,
        -3.6060089979616497e-09,
        4.0310576841889776e-10,
        3.236247756410633e-07,
        -7.41817077783889e-10,
        -2.006262347417395e-10
      ],
      [
        -1.1780904870414919e-07,
        -2.3835336882210274e-09,
        7.383521350306012e-08,
        -1.3319751187429918e-07,
        2.8860586969324605e-09,
        4.6995026205756075e-09,
        1.8224237975575022e-10,
        1.079782642206134e-08,
        -7.349033746690758e-10,
        -7.41817077783889e-10,
        1.7245317199083034e-07,
        -1.5522284836371535e-10
      ],
      [
        -5.76443712990574e-09,
        -1.7252318387400524e-10,
        3.9175634857396645e-10,
        1.1062132144564995e-09,
        9.31358145221575e-11,
        -1.310968335260543e-07,
        3.137329127248157e-10,
        -7.567419710641925e-11,
        -2.753187110429533e-11,
        -2.006262347417395e-10,
        -1.5522284836371535e-10,
        1.69969391211865e-07
      ]
    ],
    "X": [
      [
        1091.718793917261,
        -144.84622005213552,
        2.872586831891762,
        4.283984616296882,
        0.04165674777262377,
        -6.390042342736462,
        -0.4445676349343857
      ],
      [
        -144.84622005213552,
        886.7858084854397,
        -6.076151531097548,
        -20.66453945893158,
        0.028768418420704534,
        6.841420175621985,
        0.4737193483815138
      ],
      [
        2.872586831891762,
        -6.076151531097548,
        16.59707212592602,
        1.0625295177667449,
        -0.5999132617026469,
        -0.7302767040642633,
        -0.07282256239436298
      ],
      [
        4.283984616296882,
        -20.66453945893158,
        1.0625295177667449,
        8258.621477627892,
        4.661091983694577,
        -0.512766249045336,
        -0.005279074832642576
      ],
      [
        0.04165674777262377,
        0.028768418420704534,
        -0.5999132617026469,
        4.661091983694577,
        8.799689035374694,
        0.0508315930361796,
        0.0015390310176263378
      ],
      [
        -6.390042342736462,
        6.841420175621985,
        -0.7302767040642633,
        -0.512766249045336,
        0.0508315930361796,
        498.92736705277673,
        30.282920582648803
      ],
      [
        -0.4445676349343857,
        0.4737193483815138,
        -0.07282256239436298,
        -0.005279074832642576,
        0.0015390310176263378,
        30.282920582648803,
        13.597771849246339
      ]
    ],
    "Y": [
      [
        0.0012062688290573195,
        -3.674969646942346e-05,
        3.762467144239037e-06,
        -1.4456873698326255e-07,
        2.5473820724452384e-05,
        0.0008308151583330675,
        0.0001454441862486489
      ],
      [
        -3.674969646942346e-05,
        0.0016958712580914274,
        -0.0001119203073059034,
        3.869578639489984e-06,
        2.269036318508005e-06,
        -0.0018534934271439477,
        -0.0003919185101292247
      ],
      [
        3.762467144239037e-06,
        -0.0001119203073059034,
        0.06112159207154672,
        -1.3956528563504104e-05,
        0.004226026388002014,
        0.002754155531491967,
        0.0034371795827603316
      ],
      [
        -1.4456873698326255e-07,
        3.869578639489984e-06,
        -1.3956528563504104e-05,
        0.00012747281204360028,
        -7.572219998646321e-05,
        -2.3085902323611307e-06,
        -3.906941323784917e-06
      ],
      [
        2.5473820724452384e-05,
        2.269036318508005e-06,
        0.004226026388002014,
        -7.572219998646321e-05,
        0.11828239376855405,
        -4.266948530934979e-08,
        8.57606516189062e-05
      ],
      [
        0.0008308151583330675,
        -0.0018534934271439477,
        0.002754155531491967,
        -2.3085902323611307e-06,
        -4.266948530934979e-08,
        0.03817923945517236,
        -0.01814732655508725
      ],
      [
        0.0001454441862486489,
        -0.0003919185101292247,
        0.0034371795827603316,
        -3.906941323784917e-06,
        8.57606516189062e-05,
        -0.01814732655508725,
        0.976996190624083
      ]
    ],
    "K": [
      [
        0.9989046559039185,
        0.00021686179576110108,
        -0.006724130856167535,
        4.694261894402305e-06,
        -0.00011127961799540226,
        -0.0009418625487219716,
        -0.0030937805922614603
      ],
      [
        -0.00011819766841649755,
        0.9497511341116587,
        1.8293207437899257,
        4.633980231420277e-05,
        -0.008877889636806446,
        -0.0035725636312760162,
        -0.005553070935665619
      ],
      [
        -1.0842933552132893e-05,
        -0.04974463171472583,
        0.9210547537317769,
        1.4843915381252089e-05,
        -0.0041731963571952895,
        -0.00278154580559836,
        -0.003061728554614088
      ],
      [
        0.006798599013979739,
        -0.031541843085431266,
        1.0483518526789328,
        -0.01832476249904337,
        28.60581412253589,
        -0.0033295310535909357,
        -0.0017840338648712445
      ],
      [
        -0.00018906323363023116,
        0.0007779409748932362,
        -0.02939370692257105,
        -0.03283216933728374,
        0.018434861526544128,
        8.678297268534032e-05,
        8.621777248083982e-05
      ],
      [
        -8.466955289297913e-05,
        0.0012355963941072883,
        0.0877639800084765,
        -5.4921156291508576e-05,
        0.0013313429935759046,
        0.9358297296368138,
        0.14789089909066624
      ],
      [
        -0.0002496697955535763,
        0.0006215756469020181,
        -0.008004110073423573,
        7.762513241266835e-06,
        -0.0001687669230996138,
        -0.034032856072469427,
        0.03574540723625288
      ]
    ],
    "L": [
      [
        -47.340491693349676,
        7.383750762368951,
        0.03918485402718889
      ],
      [
        -0.20548680911558878,
        -13.319215399082752,
        0.11064886367228435
      ],
      [
        0.31471751463037995,
        0.28919418734786534,
        0.009342443654605032
      ],
      [
        -1.3421415997419832,
        0.47028078031979703,
        -13.109709803225714
      ],
      [
        -0.4075991358063695,
        0.018213000694208968,
        0.03137278878417648
      ],
