{
  "prob": "DDD",
  "meta": {
    "model": "correlated",
    "disturbance_type": "2W_correlated",
    "gamma": 0.5,
    "objective": 1133.0527594224948,
    "spectral_radius_Acl": 0.9758400477254137,
    "Z_cost": 69.31423926418739,
    "lambda_opt": 1481.5592369043911,
    "trace_Q_Sigma": 762.662950196397,
    "real_Z_mats": true,
    "N_sims": 1,
    "SNR": 7.32201829843759
  },
  "solver_performance": {
    "solver": "MOSEK",
    "status": "optimal",
    "num_violations": 0,
    "tot_constraints:": 2,
    "Time_seconds": 1.7509597999996913,
    "attempt": 1,
    "Total_time": 1.7509597999996913,
    "stress": 2.8288056641853645
  },
  "problem_params": {
    "Methodology": "EstmMat",
    "FROM_DATA": true,
    "augmented": true,
    "reg_fro": false,
    "non_convex": true,
    "N_sims": 1
  },
  "controller": {
    "Ac": [
      [
        -0.30045479164051253,
        0.5419658682106432,
        0.38004399541421047,
        -0.2670988456630467,
        0.15326483890098294,
        -0.05323323599559298,
        -0.0038337077505390914
      ],
      [
        0.0964068995778809,
        0.537544952130657,
        0.0343805229694984,
        -0.039089760959477825,
        0.0022347882149060237,
        0.023759624664807074,
        -8.860274387673036e-05
      ],
      [
        -0.18038111503566892,
        0.655863595640602,
        0.6748687316170764,
        0.35531581655617983,
        -0.06944497431187595,
        -0.052584569506104406,
        0.0004693281434140719
      ],
      [
        -0.06526793776187102,
        0.4725401062068878,
        0.7077972633452185,
        0.2599392423649464,
        0.08576912465775118,
        0.058724415580245416,
        -0.003109141184072098
      ],
      [
        0.12864968337957455,
        -0.25943942306177603,
        0.5256673706176979,
        0.087579157107079,
        0.3902104398506719,
        0.07410373000398286,
        0.0003564745407625905
      ],
      [
        -0.21363661510821857,
        0.7317075773822744,
        0.35950616730976737,
        0.19431650929475225,
        -0.41168248665860996,
        -0.08972028304391805,
        -0.0020000570173872747
      ],
      [
        0.45044714742899844,
        0.7546126803647317,
        0.29603646885931545,
        0.23391282744838476,
        -0.5423834938412176,
        -0.3689804605766008,
        -0.09515520812748036
      ]
    ],
    "Bc": [
      [
        -81757.65624678947,
        -365.2857345594984,
        -70.17366967554
      ],
      [
        -18100.380481792432,
        129.63943179752,
        96.09574074449846
      ],
      [
        22112.08499035605,
        -650.8370526493816,
        -364.0365956331071
      ],
      [
        22703.26020570966,
        -412.465348237047,
        551.2317920326744
      ],
      [
        -929.7021928715511,
        293.5554053868524,
        711.9224333265647
      ],
      [
        24613.224286683508,
        -730.3316583917089,
        -840.4924685901019
      ],
      [
        100937.52930118534,
        49.48575517541011,
        88.98042709625075
      ]
    ],
    "Cc": [
      [
        0.0029540302449403556,
        -0.0024576326183388263,
        -0.0011989097113884186,
        0.0006719693609628693,
        -0.00031037039756537426,
        0.00012151590740510096,
        1.0930873378617134e-05
      ]
    ],
    "Dc": [
      [
        238.56303830342327,
        0.9975315583199066,
        0.18759343576524445
      ]
    ]
  },
  "plant": {
    "A": [
      [
        1.0002190398628457,
        0.0008998121437232092,
        4.900834705403064e-05,
        0.023426573668812636,
        3.791340218767008e-06,
        -0.0011169626267595145,
        -0.00012614349042613937
      ],
      [
        0.0016903293570953927,
        0.9615577870830943,
        0.04914365645506914,
        0.26648425727213554,
        0.0009243241069342277,
        0.000991651963775395,
        -0.0006795000764763989
      ],
      [
        0.06670667378846636,
        -1.517067602015607,
        0.9498321433455694,
        10.516449234095191,
        0.03647716638218876,
        0.03997052916959596,
        -0.027100257894650624
      ],
      [
        6.446277730592454e-05,
        0.000402651401359106,
        2.936869352876724e-05,
        0.031250665650174744,
        0.030906248986457264,
        7.918914927011667e-05,
        -2.696492126814929e-05
      ],
      [
        0.0020029134838036133,
        0.012510731985922563,
        0.0009125095166567907,
        -30.099883991786044,
        -0.0171465099669176,
        0.0024691261611146206,
        -0.0008407767517400472
      ],
      [
        -7.626079597834382e-12,
        -4.17020056034619e-12,
        -2.7284406745128705e-11,
        1.42326470066161e-09,
        -7.860204088485827e-11,
        0.901672530633767,
        0.03449043067375945
      ],
      [
        -1.6209889012242724e-11,
        2.3877485972131027e-10,
        1.6944635540076507e-10,
        -5.190746129281743e-09,
        7.250521492565733e-10,
        -3.4490431192888256,
        0.4188065117457635
      ]
    ],
    "Bw": [
      [
        -0.0012462754259522936,
        -0.0016140641386530792,
        0.0001,
        0.0,
        0.0,
        0.0,
        0.0,
        0.0,
        0.0,
        0.0,
        0.0,
        0.0
      ],
      [
        -0.015073037318839614,
        1.1941277744988834e-07,
        0.0,
        0.0001,
        0.0,
        0.0,
        0.0,
        0.0,
        0.0,
        0.0,
        0.0,
        0.0
      ],
      [
        -0.5948374533451688,
        3.3722490981841887e-06,
        0.0,
        0.0,
        0.0001,
        0.0,
        0.0,
        0.0,
        0.0,
        0.0,
        0.0,
        0.0
      ],
      [
        -0.0006102660662148548,
        6.93764767121976e-09,
        0.0,
        0.0,
        0.0,
        0.0001,
        0.0,
        0.0,
        0.0,
        0.0,
        0.0,
        0.0
      ],
      [
        -0.0189617072161884,
        2.0168327668811264e-07,
        0.0,
        0.0,
        0.0,
        0.0,
        0.0001,
        0.0,
        0.0,
        0.0,
        0.0,
        0.0
      ],
      [
        7.450062028572203e-18,
        6.6862183663248866e-18,
        0.0,
        0.0,
        0.0,
        0.0,
        0.0,
        0.0001,
        0.0,
        0.0,
        0.0,
        0.0
      ],
      [
        -3.144239134862799e-17,
        -6.884687447186086e-17,
        0.0,
        0.0,
        0.0,
        0.0,
        0.0,
        0.0,
        0.0001,
        0.0,
        0.0,
        0.0
      ]
    ],
    "Bu": [
      [
        0.0005650478808512274
      ],
      [
        0.0006621759629538656
      ],
      [
        0.02529502585975165
      ],
      [
        2.7510227088273874e-05
      ],
      [
        0.0008460950475092971
      ],
      [
        0.09832746901498209
      ],
      [
        3.449043069541623
      ]
    ],
    "Cz": [
      [
        1.0,
        0.0,
        0.0,
        0.0,
        0.0,
        0.0,
        0.0
      ],
      [
        0.0,
        1.0,
        0.0,
        0.0,
        0.0,
        0.0,
        0.0
      ],
      [
        0.0,
        0.0,
        1.0,
        0.0,
        0.0,
        0.0,
        0.0
      ],
      [
        0.0,
        0.0,
        0.0,
        1.0,
        0.0,
        0.0,
        0.0
      ],
      [
        0.0,
        0.0,
        0.0,
        0.0,
        1.0,
        0.0,
        0.0
      ],
      [
        0.0,
        0.0,
        0.0,
        0.0,
        0.0,
        1.0,
        0.0
      ],
      [
        0.0,
        0.0,
        0.0,
        0.0,
        0.0,
        0.0,
        1.0
      ],
      [
        0.0,
        0.0,
        0.0,
        0.0,
        0.0,
        0.0,
        0.0
      ]
    ],
    "Dzw": [
      [
        0.0,
        0.0,
        0.0,
        0.0,
        0.0,
        0.0,
        0.0,
        0.0,
        0.0,
        0.0,
        0.0,
        0.0
      ],
      [
        0.0,
        0.0,
        0.0,
        0.0,
        0.0,
        0.0,
        0.0,
        0.0,
        0.0,
        0.0,
        0.0,
        0.0
      ],
      [
        0.0,
        0.0,
        0.0,
        0.0,
        0.0,
        0.0,
        0.0,
        0.0,
        0.0,
        0.0,
        0.0,
        0.0
      ],
      [
        0.0,
        0.0,
        0.0,
        0.0,
        0.0,
        0.0,
        0.0,
        0.0,
        0.0,
        0.0,
        0.0,
        0.0
      ],
      [
        0.0,
        0.0,
        0.0,
        0.0,
        0.0,
        0.0,
        0.0,
        0.0,
        0.0,
        0.0,
        0.0,
        0.0
      ],
      [
        0.0,
        0.0,
        0.0,
        0.0,
        0.0,
        0.0,
        0.0,
        0.0,
        0.0,
        0.0,
        0.0,
        0.0
      ],
      [
        0.0,
        0.0,
        0.0,
        0.0,
        0.0,
        0.0,
        0.0,
        0.0,
        0.0,
        0.0,
        0.0,
        0.0
      ],
      [
        0.0,
        0.0,
        0.0,
        0.0,
        0.0,
        0.0,
        0.0,
        0.0,
        0.0,
        0.0,
        0.0,
        0.0
      ]
    ],
    "Dzu": [
      [
        0.0
      ],
      [
        0.0
      ],
      [
        0.0
      ],
      [
        0.0
      ],
      [
        0.0
      ],
      [
        0.0
      ],
      [
        0.0
      ],
      [
        1.0
      ]
    ],
    "Cy": [
      [
        0.9999999985598613,
        3.179351732072867e-11,
        -1.2345638304393185e-12,
        7.719333861524364e-10,
        -3.7561692671281435e-12,
        -1.3352446666273403e-11,
        1.0462830844309053e-12
      ],
      [
        -1.2346450397594173e-12,
        1.0222427808379037e-13,
        0.9999999999776918,
        3.6489388870560304e-10,
        -6.321560994646504e-13,
        -2.338970361902375e-11,
        4.7273993956224566e-14
      ],
      [
        -3.7561593492635965e-12,
        -2.329405807695138e-12,
        -6.321264042861582e-13,
        -9.42235215955492e-09,
        0.99999998893114,
        -4.1792540477374234e-11,
        -5.700252104539801e-12
      ]
    ],
    "Dyw": [
      [
        3.2720874186869655e-17,
        -5.861196944456637e-16,
        0.0,
        0.0,
        0.0,
        0.0,
        0.0,
        0.0,
        0.0,
        0.0001,
        0.0,
        0.0
      ],
      [
        -4.9961570801384414e-17,
        3.122502256758253e-17,
        0.0,
        0.0,
        0.0,
        0.0,
        0.0,
        0.0,
        0.0,
        0.0,
        0.0001,
        0.0
      ],
      [
        -5.1493296552479005e-17,
        -2.927345865710862e-17,
        0.0,
        0.0,
        0.0,
        0.0,
        0.0,
        0.0,
        0.0,
        0.0,
        0.0,
        0.0001
      ]
    ]
  },
  "plant_dims": {
    "nx": 7,
    "nu": 1,
    "nw": 12,
    "ny": 3,
    "nz": 8
  },
  "initial_conds": {
    "X": [
      [
        0.07
      ],
      [
        0.0
      ],
      [
        0.0
      ],
      [
        0.0
      ],
      [
        0.0
      ],
      [
        0.0
      ],
      [
        0.0
      ]
    ],
    "Xc": [
      [
        0.0
      ],
      [
        0.0
      ],
      [
        0.0
      ],
      [
        0.0
      ],
      [
        0.0
      ],
      [
        0.0
      ],
      [
        0.0
      ]
    ]
  },
  "composite_closed_loop": {
    "Acl": [
      [
        1.1350185789114942,
        0.0008998121480087713,
        0.0006126614399858567,
        0.023426573772075812,
        0.00010979061187954191,
        -0.0011169626285770318,
        -0.00012614349028567846,
        1.6691685298739802e-06,
        -1.388680102903207e-06,
        -6.774413917519826e-07,
        3.796948634090228e-07,
        -1.7537413542326766e-07,
        6.866230596896627e-08,
        6.176466838440708e-09
      ],
      [
        0.1596610387433636,
        0.9615577870881165,
        0.04980419787506666,
        0.26648425739314896,
        0.0010485439689371478,
        0.0009916519616454582,
        -0.0006795000763117937,
        1.9560878220382235e-06,
        -1.6273852456353423e-06,
        -7.938891926333672e-07,
        4.449619586710817e-07,
        -2.055198168802258e-07,
        8.04649130001855e-08,
        7.2381616054125755e-09
      ],
      [
        6.101164888163977,
        -1.517067601823759,
        0.975064729901174,
        10.516449238717888,
        0.04122234711578414,
        0.03997052908823268,
        -0.027100257888362726,
        7.47222714362548e-05,
        -6.216588063464977e-05,
        -3.0326452153077438e-05,
        1.699748236251657e-05,
        -7.850827232517542e-06,
        3.073748020183216e-06,
        2.764967247817913e-07
      ],
      [
        0.0066273861264501055,
        0.0004026514015677552,
        5.681101321714978e-05,
        0.03125066565520227,
        0.030911409724393643,
        7.918914918162803e-05,
        -2.6964921261310736e-05,
        8.126604286393848e-08,
        -6.761003143005022e-08,
        -3.298227841863229e-08,
        1.848602971645081e-08,
        -8.53836011850129e-09,
        3.3429302075519884e-09,
        3.0071080891892486e-10
      ],
      [
        0.20384991842041147,
        0.012510731992339706,
        0.0017565160276173737,
        -30.09988399163142,
        -0.01698778809248695,
        0.002469126158393095,
        -0.0008407767515297229,
        2.4993903604367106e-06,
        -2.0793907869737874e-06,
        -1.0143915692165416e-06,
        5.685499483886709e-07,
        -2.6260285627355476e-07,
        1.0281400744905425e-07,
        9.248557830599175e-09
      ],
      [
        23.457299723110253,
        7.415869249420656e-10,
        0.09808475333372371,
        1.9392727235585074e-08,
        0.018445587371675842,
        0.9016725303174895,
        0.034490430698201915,
        0.0002904623173786928,
        -0.00024165279512992024,
        -0.00011788575749830585,
        6.607304651909385e-05,
        -3.051793564977701e-05,
        1.1948351620202496e-05,
        1.0748051134426688e-06
      ],
      [
        822.8141927242254,
        2.6397776724027e-08,
        3.4405293069487977,
        6.251259989302517e-07,
        0.647017829988116,
        -3.449043130382922,
        0.41880651260313456,
        0.010188577543527878,
        -0.008476480749760961,
        -0.0041350912310703725,
        0.002317651267373298,
        -0.0010704808687137324,
        0.0004191135982746251,
        3.770105307055646e-05
      ],
      [
        -81757.65612904639,
        -2.5992373381013015e-06,
        -365.28573445037017,
        -6.258355393463198e-05,
        -70.17366859147096,
        1.103141405592736e-06,
        -8.515891366108914e-08,
        -0.30045479164051253,
        0.5419658682106432,
        0.38004399541421047,
        -0.2670988456630467,
        0.15326483890098294,
        -0.05323323599559298,
        -0.0038337077505390914
      ],
      [
        -18100.380455725895,
        -5.75685354038905e-07,
        129.63943181691332,
        -1.4830431269887273e-05,
        96.09573974873429,
        2.3463605200053918e-07,
        -1.9479763294563596e-08,
        0.0964068995778809,
        0.537544952130657,
        0.0343805229694984,
        -0.039089760959477825,
        0.0022347882149060237,
        0.023759624664807074,
        -8.860274387673036e-05
      ],
      [
        22112.08495851375,
        7.038024147505335e-07,
        -650.8370526619312,
        2.0261651181461714e-05,
        -364.03659168628224,
        -2.6481353558984363e-07,
        2.5179833190401738e-08,
        -0.18038111503566892,
        0.655863595640602,
        0.6748687316170764,
        0.35531581655617983,
        -0.06944497431187595,
        -0.052584569506104406,
        0.0004693281434140719
      ],
      [
        22703.260173012255,
        7.204902900770346e-07,
        -412.46534825622274,
        1.2180998376344394e-05,
        551.2317858461503,
        -3.1653400577982465e-07,
        2.0592378047664124e-08,
        -0.06526793776187102,
        0.4725401062068878,
        0.7077972633452185,
        0.2599392423649464,
        0.08576912465775118,
        0.058724415580245416,
        -0.003109141184072098
      ],
      [
        -929.7021915356876,
        -3.118685053360717e-08,
        293.55540538100144,
        -7.318535465524674e-06,
        711.9224254497014,
        -2.4205422093477245e-08,
        -5.016991490338594e-09,
        0.12864968337957455,
        -0.25943942306177603,
        0.5256673706176979,
        0.087579157107079,
        0.3902104398506719,
        0.07410373000398286,
        0.0003564745407625905
      ],
      [
        24613.22425124111,
        7.844241630887686e-07,
        -730.3316584052718,
        2.6652692035383214e-05,
        -840.4924593787981,
        -2.764382080251146e-07,
        3.0508893492986616e-08,
        -0.21363661510821857,
        0.7317075773822744,
        0.35950616730976737,
        0.19431650929475225,
        -0.41168248665860996,
        -0.08972028304391805,
        -0.0020000570173872747
      ],
      [
        100937.5291558209,
        3.2089568732707425e-06,
        49.485755049636104,
        7.709670091355778e-05,
        88.98042573216912,
        -1.3526391518675168e-06,
        1.0510435801455191e-07,
        0.45044714742899844,
        0.7546126803647317,
        0.29603646885931545,
        0.23391282744838476,
        -0.5423834938412176,
        -0.3689804605766008,
        -0.09515520812748036
      ]
    ],
    "Bcl": [
      [
        -0.0012462754259522893,
        -0.001614064138653158,
        0.0001,
        0.0,
        0.0,
        0.0,
        0.0,
        0.0,
        0.0,
        1.3479953924277952e-05,
        5.636530931108858e-08,
        1.0599927334075223e-08
      ],
      [
        -0.015073037318839608,
        1.1941277735731558e-07,
        0.0,
        0.0001,
        0.0,
        0.0,
        0.0,
        0.0,
        0.0,
        1.5797070961376923e-05,
        6.605414202073544e-08,
        1.2421986397167488e-08
      ],
      [
        -0.5948374533451686,
        3.3722490946479227e-06,
        0.0,
        0.0,
        0.0001,
        0.0,
        0.0,
        0.0,
        0.0,
        0.0006034458223066016,
        2.52325865636204e-06,
        4.745180808801519e-07
      ],
      [
        -0.0006102660662148546,
        6.937647667373807e-09,
        0.0,
        0.0,
        0.0,
        0.0001,
        0.0,
        0.0,
        0.0,
        6.562923358595753e-07,
        2.7442319697100348e-09,
        5.160738018171393e-10
      ],
      [
        -0.01896170721618839,
        2.0168327656982785e-07,
        0.0,
        0.0,
        0.0,
        0.0,
        0.0001,
        0.0,
        0.0,
        2.0184700522729717e-05,
        8.440065112287046e-08,
        1.5872187694622678e-08
      ],
      [
        7.691431236669253e-16,
        -1.3739576415180131e-14,
        0.0,
        0.0,
        0.0,
        0.0,
        0.0,
        0.0001,
        0.0,
        0.0023457299756899836,
        9.80847533921674e-06,
        1.8445587742621108e-06
      ],
      [
        2.6686545996630836e-14,
        -4.822479606387887e-13,
        0.0,
        0.0,
        0.0,
        0.0,
        0.0,
        0.0,
        0.0001,
        0.08228141939092148,
        0.00034405293078723295,
        6.470178395176181e-05
      ],
      [
        -2.653318261191828e-12,
        4.7910420668674676e-11,
        0.0,
        0.0,
        0.0,
        0.0,
        0.0,
        0.0,
        0.0,
        -8.175765624678947,
        -0.03652857345594984,
        -0.007017366967554
      ],
      [
        -6.03685548605191e-13,
        1.0610224416828154e-11,
        0.0,
        0.0,
        0.0,
        0.0,
        0.0,
        0.0,
        0.0,
        -1.8100380481792433,
        0.012963943179752,
        0.009609574074449847
      ],
      [
        7.747890368398061e-13,
        -1.2969994289528888e-11,
        0.0,
        0.0,
        0.0,
        0.0,
        0.0,
        0.0,
        0.0,
        2.211208499035605,
        -0.06508370526493816,
        -0.03640365956331071
      ],
      [
        7.350931953855602e-13,
        -1.3335843635572541e-11,
        0.0,
        0.0,
        0.0,
        0.0,
        0.0,
        0.0,
        0.0,
        2.270326020570966,
        -0.0412465348237047,
        0.055123179203267446
      ],
      [
        -8.174639063621844e-14,
        5.332426074503239e-13,
        0.0,
        0.0,
        0.0,
        0.0,
        0.0,
        0.0,
        0.0,
        -0.09297021928715511,
        0.029355540538685238,
        0.07119224333265647
      ],
      [
        8.851344600122408e-13,
        -1.4424495999217744e-11,
        0.0,
        0.0,
        0.0,
        0.0,
        0.0,
        0.0,
        0.0,
        2.461322428668351,
        -0.07303316583917088,
        -0.08404924685901019
      ],
      [
        3.295709915416865e-12,
        -5.916253340314274e-11,
        0.0,
        0.0,
        0.0,
        0.0,
        0.0,
        0.0,
        0.0,
        10.093752930118534,
        0.004948575517541011,
        0.008898042709625076
      ]
    ],
    "Ccl": [
      [
        1.0,
        0.0,
        0.0,
        0.0,
        0.0,
        0.0,
        0.0,
        0.0,
        0.0,
        0.0,
        0.0,
        0.0,
        0.0,
        0.0
      ],
      [
        0.0,
        1.0,
        0.0,
        0.0,
        0.0,
        0.0,
        0.0,
        0.0,
        0.0,
        0.0,
        0.0,
        0.0,
        0.0,
        0.0
      ],
      [
        0.0,
        0.0,
        1.0,
        0.0,
        0.0,
        0.0,
        0.0,
        0.0,
        0.0,
        0.0,
        0.0,
        0.0,
        0.0,
        0.0
      ],
      [
        0.0,
        0.0,
        0.0,
        1.0,
        0.0,
        0.0,
        0.0,
        0.0,
        0.0,
        0.0,
        0.0,
        0.0,
        0.0,
        0.0
      ],
      [
        0.0,
        0.0,
        0.0,
        0.0,
        1.0,
        0.0,
        0.0,
        0.0,
        0.0,
        0.0,
        0.0,
        0.0,
        0.0,
        0.0
      ],
      [
        0.0,
        0.0,
        0.0,
        0.0,
        0.0,
        1.0,
        0.0,
        0.0,
        0.0,
        0.0,
        0.0,
        0.0,
        0.0,
        0.0
      ],
      [
        0.0,
        0.0,
        0.0,
        0.0,
        0.0,
        0.0,
        1.0,
        0.0,
        0.0,
        0.0,
        0.0,
        0.0,
        0.0,
        0.0
      ],
      [
        238.56303795985747,
        7.584423081090202e-09,
        0.9975315580030136,
        1.8275119572319584e-07,
        0.1875934327920852,
        -3.2165722192478324e-09,
        2.485822989711544e-10,
        0.0029540302449403556,
        -0.0024576326183388263,
        -0.0011989097113884186,
        0.0006719693609628693,
        -0.00031037039756537426,
        0.00012151590740510096,
        1.0930873378617134e-05
      ]
    ],
    "Dcl": [
      [
        0.0,
        0.0,
        0.0,
        0.0,
        0.0,
        0.0,
        0.0,
        0.0,
        0.0,
        0.0,
        0.0,
        0.0
      ],
      [
        0.0,
        0.0,
        0.0,
        0.0,
        0.0,
        0.0,
        0.0,
        0.0,
        0.0,
        0.0,
        0.0,
        0.0
      ],
      [
        0.0,
        0.0,
        0.0,
        0.0,
        0.0,
        0.0,
        0.0,
        0.0,
        0.0,
        0.0,
        0.0,
        0.0
      ],
      [
        0.0,
        0.0,
        0.0,
        0.0,
        0.0,
        0.0,
        0.0,
        0.0,
        0.0,
        0.0,
        0.0,
        0.0
      ],
      [
        0.0,
        0.0,
        0.0,
        0.0,
        0.0,
        0.0,
        0.0,
        0.0,
        0.0,
        0.0,
        0.0,
        0.0
      ],
      [
        0.0,
        0.0,
        0.0,
        0.0,
        0.0,
        0.0,
        0.0,
        0.0,
        0.0,
        0.0,
        0.0,
        0.0
      ],
      [
        0.0,
        0.0,
        0.0,
        0.0,
        0.0,
        0.0,
        0.0,
        0.0,
        0.0,
        0.0,
        0.0,
        0.0
      ],
      [
        7.746493113966906e-15,
        -1.398008386796974e-13,
        0.0,
        0.0,
        0.0,
        0.0,
        0.0,
        0.0,
        0.0,
        0.02385630383034233,
        9.975315583199067e-05,
        1.8759343576524447e-05
      ]
    ]
  },
  "Acl_eigenvals": {
    "cartesian": [
      {
        "re": 0.006907054235221366,
        "im": 0.9642722448892119,
        "abs": 0.9642969820868924
      },
      {
        "re": 0.006907054235221366,
        "im": -0.9642722448892119,
        "abs": 0.9642969820868924
      },
      {
        "re": 0.9323756369992933,
        "im": 0.2644751985795009,
        "abs": 0.9691601823916954
      },
      {
        "re": 0.9323756369992933,
        "im": -0.2644751985795009,
        "abs": 0.9691601823916954
      },
      {
        "re": 0.9305724362881691,
        "im": 0.0,
        "abs": 0.9305724362881691
      },
      {
        "re": 0.9758400477254137,
        "im": 0.0,
        "abs": 0.9758400477254137
      },
      {
        "re": 0.6644081038898462,
        "im": 0.0,
        "abs": 0.6644081038898462
      },
      {
        "re": 0.659650066333077,
        "im": 0.24652469534241395,
        "abs": 0.7042106470559096
      },
      {
        "re": 0.659650066333077,
        "im": -0.24652469534241395,
        "abs": 0.7042106470559096
      },
      {
        "re": -0.08825198275174745,
        "im": 0.0,
        "abs": 0.08825198275174745
      },
      {
        "re": 0.007143504695472756,
        "im": 0.11732997869014518,
        "abs": 0.11754723969010997
      },
      {
        "re": 0.007143504695472756,
        "im": -0.11732997869014518,
        "abs": 0.11754723969010997
      },
      {
        "re": 0.04732436806917109,
        "im": 0.0,
        "abs": 0.04732436806917109
      },
      {
        "re": 0.04157060178858357,
        "im": 0.0,
        "abs": 0.04157060178858357
      }
    ],
    "polar": [
      {
        "abs": 0.9642969820868924,
        "ang_rad": 1.5636334781843904
      },
      {
        "abs": 0.9642969820868924,
        "ang_rad": -1.5636334781843904
      },
      {
        "abs": 0.9691601823916954,
        "ang_rad": 0.27639692839831514
      },
      {
        "abs": 0.9691601823916954,
        "ang_rad": -0.27639692839831514
      },
      {
        "abs": 0.9305724362881691,
        "ang_rad": 0.0
      },
      {
        "abs": 0.9758400477254137,
        "ang_rad": 0.0
      },
      {
        "abs": 0.6644081038898462,
        "ang_rad": 0.0
      },
      {
        "abs": 0.7042106470559096,
        "ang_rad": 0.35764836906187
      },
      {
        "abs": 0.7042106470559096,
        "ang_rad": -0.35764836906187
      },
      {
        "abs": 0.08825198275174745,
        "ang_rad": 3.141592653589793
      },
      {
        "abs": 0.11754723969010997,
        "ang_rad": 1.5099875059986072
      },
      {
        "abs": 0.11754723969010997,
        "ang_rad": -1.5099875059986072
      },
      {
        "abs": 0.04732436806917109,
        "ang_rad": 0.0
      },
      {
        "abs": 0.04157060178858357,
        "ang_rad": 0.0
      }
    ]
  },
  "disturbance": {
    "Sigma_nom": [
      [
        1.0,
        0.0,
        0.0,
        0.0,
        0.0,
        0.0,
        0.0,
        0.0,
        0.0,
        0.0,
        0.0,
        0.0
      ],
      [
        0.0,
        1.0,
        0.0,
        0.0,
        0.0,
        0.0,
        0.0,
        0.0,
        0.0,
        0.0,
        0.0,
        0.0
      ],
      [
        0.0,
        0.0,
        1.0,
        0.0,
        0.0,
        0.0,
        0.0,
        0.0,
        0.0,
        0.0,
        0.0,
        0.0
      ],
      [
        0.0,
        0.0,
        0.0,
        1.0,
        0.0,
        0.0,
        0.0,
        0.0,
        0.0,
        0.0,
        0.0,
        0.0
      ],
      [
        0.0,
        0.0,
        0.0,
        0.0,
        1.0,
        0.0,
        0.0,
        0.0,
        0.0,
        0.0,
        0.0,
        0.0
      ],
      [
        0.0,
        0.0,
        0.0,
        0.0,
        0.0,
        1.0,
        0.0,
        0.0,
        0.0,
        0.0,
        0.0,
        0.0
      ],
      [
        0.0,
        0.0,
        0.0,
        0.0,
        0.0,
        0.0,
        1.0,
        0.0,
        0.0,
        0.0,
        0.0,
        0.0
      ],
      [
        0.0,
        0.0,
        0.0,
        0.0,
        0.0,
        0.0,
        0.0,
        1.0,
        0.0,
        0.0,
        0.0,
        0.0
      ],
      [
        0.0,
        0.0,
        0.0,
        0.0,
        0.0,
        0.0,
        0.0,
        0.0,
        1.0,
        0.0,
        0.0,
        0.0
      ],
      [
        0.0,
        0.0,
        0.0,
        0.0,
        0.0,
        0.0,
        0.0,
        0.0,
        0.0,
        1.0,
        0.0,
        0.0
      ],
      [
        0.0,
        0.0,
        0.0,
        0.0,
        0.0,
        0.0,
        0.0,
        0.0,
        0.0,
        0.0,
        1.0,
        0.0
      ],
      [
        0.0,
        0.0,
        0.0,
        0.0,
        0.0,
        0.0,
        0.0,
        0.0,
        0.0,
        0.0,
        0.0,
        1.0
      ]
    ]
  },
  "dro_variables": {
    "Q": [
      [
        740.4644977840381,
        0.5401242255196754,
        -0.03372822804298306,
        -0.09218398636244945,
        -0.12067500711039147,
        -0.6439963633956299,
        -0.023198963157708932,
        0.0006970454630657965,
        0.0009910206471168371,
        -1.1615080129785285e-05,
        -1.8211277880381076e-07,
        -9.001330445090022e-09
      ],
      [
        0.5401242255196754,
        21.43139960283652,
        -1.3277804759248655,
        0.01737338469471821,
        0.0022568538787064336,
        -0.0019360899898818208,
        -0.0001256007140426334,
        -0.000684647144259552,
        0.0003097154337403466,
        0.00041170936817368453,
        1.5775074916003597e-06,
        7.187574510779923e-07
      ],
      [
        -0.03372822804298306,
        -1.3277804759248655,
        0.08233744512332569,
        -0.0010626950796090338,
        -0.00014012249035263676,
        0.00012041129736926444,
        7.666503824848363e-06,
        4.180144601358754e-05,
        -1.917414032751932e-05,
        -2.5508405339018434e-05,
        -9.9150040890795e-08,
        -4.469666135340882e-08
      ],
      [
        -0.09218398636244945,
        0.01737338469471821,
        -0.0010626950796090338,
        0.6643583603975799,
        -0.016630994796811918,
        0.01105629940677125,
        -0.00613021042492646,
        -0.029995045695567494,
        0.0007181681507156437,
        -8.362290060282858e-06,
        -2.0286594228896105e-06,
        1.9839216213525282e-07
      ],
      [
        -0.12067500711039147,
        0.0022568538787064336,
        -0.00014012249035263676,
        -0.016630994796811918,
        0.0005118435202401504,
        -0.00017266657159752504,
        0.00015608067468926643,
        0.0007513765576262515,
        -1.8082182047388473e-05,
        6.32379980645432e-07,
        8.007921942141297e-07,
        8.523458959854789e-08
      ],
      [
        -0.6439963633956299,
        -0.0019360899898818208,
        0.00012041129736926444,
        0.01105629940677125,
        -0.00017266657159752504,
        0.003015350637898915,
        -7.850124727191909e-05,
        -0.0005060323156194452,
        9.505909527880094e-06,
        -0.00020058915918016724,
        -4.96481357644222e-06,
        -1.8316654687732644e-05
      ],
      [
        -0.023198963157708932,
        -0.0001256007140426334,
        7.666503824848363e-06,
        -0.00613021042492646,
        0.00015608067468926643,
        -7.850124727191909e-05,
        0.00017570829159446345,
        0.0002824924335337864,
        -7.91190154855214e-06,
        -4.997093708534473e-06,
        -2.3341331090346334e-05,
        -2.239063398619654e-06
      ],
      [
        0.0006970454630657965,
        -0.000684647144259552,
        4.180144601358754e-05,
        -0.029995045695567494,
        0.0007513765576262515,
        -0.0005060323156194452,
        0.0002824924335337864,
        0.0022796313058629047,
        -1.9246852006073154e-05,
        0.000303059225526524,
        -3.3294229746743355e-05,
        -1.3258344241703652e-07
      ],
      [
        0.0009910206471168371,
        0.0003097154337403466,
        -1.917414032751932e-05,
        0.0007181681507156437,
        -1.8082182047388473e-05,
        9.505909527880094e-06,
        -7.91190154855214e-06,
        -1.9246852006073154e-05,
        0.00012944432651433888,
        1.8993222682281935e-05,
        5.0001498591382005e-06,
        1.4032395128715194e-07
      ],
      [
        -1.1615080129785285e-05,
        0.00041170936817368453,
        -2.5508405339018434e-05,
        -8.362290060282858e-06,
        6.32379980645432e-07,
        -0.00020058915918016724,
        -4.997093708534473e-06,
        0.000303059225526524,
        1.8993222682281935e-05,
        0.013931265723392048,
        6.39196571859738e-05,
        1.5484851749941447e-05
      ],
      [
        -1.8211277880381076e-07,
        1.5775074916003597e-06,
        -9.9150040890795e-08,
        -2.0286594228896105e-06,
        8.007921942141297e-07,
        -4.96481357644222e-06,
        -2.3341331090346334e-05,
        -3.3294229746743355e-05,
        5.0001498591382005e-06,
        6.39196571859738e-05,
        0.0002270786854541081,
        6.727021874240334e-06
      ],
      [
        -9.001330445090022e-09,
        7.187574510779923e-07,
        -4.469666135340882e-08,
        1.9839216213525282e-07,
        8.523458959854789e-08,
        -1.8316654687732644e-05,
        -2.239063398619654e-06,
        -1.3258344241703652e-07,
        1.4032395128715194e-07,
        1.5484851749941447e-05,
        6.727021874240334e-06,
        8.668151046693765e-05
      ]
    ],
    "X": [
      [
        2720688.0480899797,
        -25956.787818945686,
        -4136.145000084788,
        20821.579133862342,
        -42.91063532310461,
        -18445.331130400442,
        -1461.2734049942187
      ],
      [
        -25956.787818945686,
        129543.06718686585,
        -1527.2798855816195,
        10786.8793755132,
        192.71274010416374,
        -2889.3150006577607,
        507.39247782404
      ],
      [
        -4136.145000084788,
        -1527.2798855816195,
        1063.9769588836675,
        5240.677278521059,
        342.01656299261356,
        251.71954700774918,
        45.4788441921007
      ],
      [
        20821.579133862342,
        10786.8793755132,
        5240.677278521059,
        229046.78084280706,
        2099.774204002814,
        -371.1327929634915,
        131.42736873583013
      ],
      [
        -42.91063532310461,
        192.71274010416374,
        342.01656299261356,
        2099.774204002814,
        311.3272458987832,
        54.64822954310644,
        12.79228320836533
      ],
      [
        -18445.331130400442,
        -2889.3150006577607,
        251.71954700774918,
        -371.1327929634915,
        54.64822954310644,
        49844.1248605766,
        5396.265835160068
      ],
      [
        -1461.2734049942187,
        507.39247782404,
        45.4788441921007,
        131.42736873583013,
        12.79228320836533,
        5396.265835160068,
        1373.9006209743552
      ]
    ],
    "Y": [
      [
        2.201562985900057e-06,
        1.2539894987410608e-05,
        1.0257432350812597e-05,
        -8.990835718060366e-07,
        -2.5256755646884417e-05,
        0.0002494000945272575,
        0.00021771774597515047
      ],
      [
        1.2539894987410608e-05,
        0.0004966751079708636,
        -0.00010546601250941127,
        -1.1208790921549208e-05,
        0.0003141454568100901,
        0.0024819846961359224,
        -0.0004891331497134806
      ],
      [
        1.0257432350812597e-05,
        -0.00010546601250941127,
        0.01673255837986637,
        -0.0003935692106635017,
        -0.01350869008278167,
        -0.0023515140499098496,
        0.03187469548099397
      ],
      [
        -8.990835718060366e-07,
        -1.1208790921549208e-05,
        -0.0003935692106635017,
        7.76224127515251e-05,
        -5.988123273072722e-05,
        6.064450321468295e-06,
        -2.1047855126385927e-05
      ],
      [
        -2.5256755646884417e-05,
        0.0003141454568100901,
        -0.01350869008278167,
        -5.988123273072722e-05,
        0.07080470401848366,
        -2.9495815525625104e-06,
        0.0014014099974119893
      ],
      [
        0.0002494000945272575,
        0.0024819846961359224,
        -0.0023515140499098496,
        6.064450321468295e-06,
        -2.9495815525625104e-06,
        0.038027693635883944,
        -0.018124777808159104
      ],
      [
        0.00021771774597515047,
        -0.0004891331497134806,
        0.03187469548099397,
        -2.1047855126385927e-05,
        0.0014014099974119893,
        -0.018124777808159104,
        0.9732086143110563
      ]
    ],
    "K": [
      [
        0.6633168374860933,
        0.014888317387452572,
        -0.6248705593783915,
        0.0005165819849496464,
        -0.020021997867949354,
        -0.022045073148129746,
        -0.1094962200262724
      ],
      [
        -0.00033738812899156286,
        0.9899515314986891,
        0.2529469820206131,
        0.0030381630730994934,
        -0.015236823047792107,
        -0.021623449198187553,
        -0.016209008616163246
      ],
      [
        -0.00101627577163833,
        -0.030624882307139886,
        0.20936703347418312,
        0.000989590260497654,
        -0.007406789451344884,
        0.0011183014878976398,
        -0.004452243699983083
      ],
      [
        -0.000527700203709517,
        0.008514384012635393,
        0.2202010828891876,
        -0.0015959999290009487,
        4.020912099837592,
        0.00023915489714362238,
        -0.0142042604913042
      ],
      [
        0.00024982591940367875,
        -0.002440210093626831,
        0.09045047303093279,
        -0.032293994908863234,
        -0.0030508268205998337,
        0.0005093268765868742,
        -0.003977583049718118
      ],
      [
        0.0020973751609935053,
        -0.021155869093716403,
        -0.16504813398491847,
        -0.00018267769527838002,
        0.05405100875637961,
        0.45157411497580363,
        0.06289006235424215
      ],
      [
        -0.00013874643762341367,
        -0.0014033493877837271,
        -0.04708897937851397,
        1.2007235630257987e-05,
        0.010030641821673701,
        -0.08361560547620958,
        0.02756573188983578
      ]
    ],
    "L": [
      [
        -912023.5176472393,
        2010.7055736992402,
        -582.1797366996249
      ],
      [
        -735.0559037124386,
        -6144.280788539001,
        -119.15325365095605
      ],
      [
        1271.8005637080435,
        -820.5521262533616,
        -172.01474024938318
      ],
      [
        -22430.34892735184,
        -5068.115064574954,
        -6923.753438732101
      ],
      [
        -290.4491678467146,
        -439.302067230798,
        -113.7330117180201
      ],
      [
        15940.879434296856,
        21.29802468902865,
        23.961209314736404
      ],
      [
        2270.0871918506546,
        -48.390512305309635,
        0.03682575289179566
      ]
    ],
    "M": [
      [
        0.00022161470692989328,
        0.0018784176407644205,
        0.001328804358445842,
        -4.2089722325672187e-07,
