{
  "prob": "DDD",
  "meta": {
    "model": "independent",
    "disturbance_type": "2W_independent",
    "gamma": 0.5,
    "objective": 17187.098896824427,
    "spectral_radius_Acl": 1.0002845203726032,
    "Z_cost": 12.045946804780218,
    "lambda_opt": 2800.6956101310316,
    "trace_Q_Sigma": 667.8427933068814,
    "real_Z_mats": false,
    "N_sims": 1,
    "SNR": 5.319510538952354
  },
  "solver_performance": {
    "solver": "SCS",
    "status": "optimal_inaccurate",
    "num_violations": 5,
    "tot_constraints:": 34,
    "Time_seconds": 15.403047600000264,
    "attempt": 1,
    "Total_time": 15.403047600000264,
    "stress": 1.3887267997535522
  },
  "problem_params": {
    "Methodology": "Mats",
    "FROM_DATA": true,
    "augmented": false,
    "reg_fro": false,
    "non_convex": false,
    "N_sims": 1
  },
  "controller": {
    "Ac": [
      [
        0.9817534468522442,
        3.203871103076676e-05,
        0.014284714955596679,
        -0.46473125266276427,
        0.03490651497347361,
        0.007768263821363762,
        -0.01808963921222287
      ],
      [
        -0.0012741275211752942,
        0.8539748147682366,
        0.0035339794827219263,
        0.005227236900738949,
        -0.0014894251009416415,
        0.0015888993655231159,
        -0.004018270110753374
      ],
      [
        -0.0005603555861176714,
        -0.003941427160207763,
        0.8220451056927508,
        0.006019784305990799,
        -0.20446289290844696,
        -0.015373085726838534,
        0.019166598278161
      ],
      [
        -0.026745550186131468,
        -0.004604720558641171,
        0.07377045646002563,
        -0.0012939073832865433,
        -0.07985232205365822,
        0.005743786531798956,
        -0.02562830783384156
      ],
      [
        0.003897188473800428,
        -0.027048235409599115,
        0.42081369870741553,
        -0.04859556091447203,
        -0.4730391181967572,
        -0.07866782595151299,
        0.09290252446643653
      ],
      [
        0.001128211766282997,
        -0.011039124044939105,
        0.2094470765046733,
        0.08022503737788783,
        0.6324675303025185,
        3.343959692541096,
        -7.305229415545571
      ],
      [
        0.0005513243240476679,
        -0.007412274456982988,
        0.12336028781966213,
        0.03291245017462625,
        0.2516690146760899,
        1.5838379678671721,
        -3.3401511062951603
      ]
    ],
    "Bc": [
      [
        -0.0010249184720602462,
        2.4148163313857225,
        0.19879204082088583
      ],
      [
        -29.781170534801067,
        1.0167970234615817,
        0.36670393843034954
      ],
      [
        -1.0886933600251318,
        -9.13315086724612,
        -7.999191407749949
      ],
      [
        -0.8400780790600827,
        8.39309767168627,
        1.0989320214122507
      ],
      [
        -4.6083879991463546,
        48.120421802373464,
        8.461143878065306
      ],
      [
        -1.9594968202004444,
        11.717421104962243,
        -67.11839489866033
      ],
      [
        -1.3286591725948647,
        8.145073748318763,
        -30.278400271955178
      ]
    ],
    "Cc": [
      [
        -0.004032592706039383,
        2.2335944396841537e-05,
        -0.00033026293940259445,
        0.006452268561540213,
        -0.0004981449721112738,
        -5.625191449950064e-05,
        0.00012781602400902903
      ]
    ],
    "Dc": [
      [
        -0.0013688427440047457,
        -0.024621229329462063,
        0.0011379319542482735
      ]
    ]
  },
  "plant": {
    "A": [
      [
        1.0002835794106748,
        -2.131540964113291e-05,
        2.780045845243913e-06,
        -0.0053192946517935024,
        0.00030238366021429814,
        -0.0014365101013752391,
        -1.3160723354191894e-05
      ],
      [
        -0.003642206384810719,
        0.9517011666828846,
        0.04853450148690949,
        -0.07360529900331193,
        0.004203348830010039,
        -0.004409717234277108,
        0.00014307318095147398
      ],
      [
        -0.1433769534427485,
        -1.9283912969941008,
        0.9223762809510334,
        -2.9057128707874984,
        0.1653911989126247,
        -0.17335579102986445,
        0.005442732139187009
      ],
      [
        -0.00015109265620752248,
        -1.9523481140645455e-05,
        2.7791664822192746e-07,
        0.017480449387190677,
        0.031062307793951152,
        -0.00013963699649776218,
        6.420014958806267e-06
      ],
      [
        -0.0046936784951461695,
        -0.0006042673038418909,
        3.395165588114818e-05,
        -30.527882115413146,
        -0.013037857546538285,
        -0.004331339650854901,
        0.0001966369715191884
      ],
      [
        -2.612761470239425e-07,
        -6.868510360878682e-06,
        1.983347198009698e-06,
        -7.508951952089848e-08,
        3.690649575450816e-07,
        0.9021754578140994,
        0.034547639758819484
      ],
      [
        -5.005508366903595e-07,
        -3.1738536909791326e-06,
        -1.3526180730597819e-06,
        -4.4742198862095263e-07,
        -2.1850746347067323e-07,
        -3.4490686854163966,
        0.4188195564413393
      ]
    ],
    "Bw": [
      [
        0.0018267078843931023,
        0.0001,
        0.0
      ],
      [
        0.025318724600491338,
        0.0,
        0.0
      ],
      [
        0.9991697099088829,
        0.0,
        0.0
      ],
      [
        0.0010250862765301759,
        0.0,
        0.0
      ],
      [
        0.031850672232061644,
        0.0,
        0.0
      ],
      [
        -2.1820815007999954e-18,
        0.0,
        0.0
      ],
      [
        6.995231522802547e-18,
        0.0,
        0.0
      ]
    ],
    "Bu": [
      [
        1.7516971040679963e-05
      ],
      [
        0.0008646944406360749
      ],
      [
        0.03359226960385597
      ],
      [
        3.6207191640501944e-05
      ],
      [
        0.0011109179935090427
      ],
      [
        0.09832729782903916
      ],
      [
        3.4490431926590714
      ]
    ],
    "Cz": [
      [
        0.9999999667865506,
        -8.013487196693532e-13,
        2.4483908924656033e-13,
        1.3778993592886987e-09,
        -5.529529403730435e-11,
        2.967933894017075e-11,
        3.9540686339010754e-11
      ],
      [
        -8.013052225336114e-13,
        0.999999999004579,
        1.211816713309324e-13,
        -1.8185416216985214e-10,
        -1.4674734156943652e-11,
        1.4407368565876165e-10,
        2.7753043602533483e-11
      ],
      [
        2.452359663518193e-13,
        1.2115965822573055e-13,
        0.9999999999749605,
        5.242685662641428e-10,
        -5.374358112428319e-13,
        7.459722635695306e-12,
        5.4179989104657766e-12
      ],
      [
        1.377899370946102e-09,
        -1.8185445937687273e-10,
        5.242676429622792e-10,
        0.9999935333409627,
        -2.7827215002185036e-09,
        -3.453674969011336e-10,
        1.512199978359254e-10
      ],
      [
        -5.529529008225176e-11,
        -1.467473800251211e-11,
        -5.376307901626875e-13,
        -2.7827202193129308e-09,
        0.9999999931928313,
        -7.154528583409206e-11,
        -1.581633315566207e-11
      ],
      [
        2.9679343242098604e-11,
        1.4407391281483066e-10,
        7.46036129632187e-12,
        -3.453648849113679e-10,
        -7.154494206884628e-11,
        0.999999987452173,
        -1.9763216618498645e-09
      ],
      [
        3.954065489043697e-11,
        2.775300266616438e-11,
        5.418391727505085e-12,
        1.5122323983044592e-10,
        -1.5816474482790618e-11,
        -1.9763160087429467e-09,
        0.9999999992499505
      ],
      [
        -1.1961663943388565e-10,
        -1.9720201546495534e-10,
        -1.4342708259189765e-11,
        1.0561031957293739e-10,
        7.868566233645179e-11,
        1.3599648578054212e-08,
        3.999636354978451e-09
      ]
    ],
    "Dzw": [
      [
        9.215718466126788e-19,
        0.0,
        0.0
      ],
      [
        -6.071532165918825e-18,
        0.0,
        0.0
      ],
      [
        -3.2959746043559335e-17,
        0.0,
        0.0
      ],
      [
        -1.1057750852125348e-14,
        0.0,
        0.0
      ],
      [
        5.421010862427522e-19,
        0.0,
        0.0
      ],
      [
        -8.673617379884035e-19,
        0.0,
        0.0
      ],
      [
        -6.938893903907228e-18,
        0.0,
        0.0
      ],
      [
        5.854691731421724e-18,
        0.0,
        0.0
      ]
    ],
    "Dzu": [
      [
        -1.1961660089224392e-10
      ],
      [
        -1.9720196046373815e-10
      ],
      [
        -1.4340762889608091e-11
      ],
      [
        1.0561551601427167e-10
      ],
      [
        7.868677024758886e-11
      ],
      [
        1.3599649165743073e-08
      ],
      [
        3.999623709310335e-09
      ],
      [
        0.9999999727310923
      ]
    ],
    "Cy": [
      [
        0.9999999667870783,
        6.368536739691192e-14,
        3.0775421750462687e-13,
        1.3774360513999527e-09,
        -5.564045178048458e-11,
        -2.997629526725908e-11,
        2.1996050193660836e-11
      ],
      [
        3.0788322564867807e-13,
        2.248699536202471e-13,
        0.9999999999749659,
        5.241965598522778e-10,
        -5.788603201799673e-13,
        3.076539519610446e-13,
        3.3146123330404927e-12
      ],
      [
        -5.5640456914335496e-11,
        -1.5243780643738896e-11,
        -5.790160861870719e-13,
        -2.782416136811849e-09,
        0.9999999931930593,
        -3.2302545556382576e-11,
        -4.2753438244813e-12
      ]
    ],
    "Dyw": [
      [
        2.48328260759143e-18,
        0.0,
        0.0001
      ],
      [
        -2.9053398751023754e-18,
        0.0,
        0.0
      ],
      [
        -7.264549663186531e-18,
        0.0,
        0.0
      ]
    ]
  },
  "plant_dims": {
    "nx": 7,
    "nu": 1,
    "nw": 3,
    "ny": 3,
    "nz": 8
  },
  "initial_conds": {
    "X": [
      [
        0.07
      ],
      [
        0.0
      ],
      [
        0.0
      ],
      [
        0.0
      ],
      [
        0.0
      ],
      [
        0.0
      ],
      [
        0.0
      ]
    ],
    "Xc": [
      [
        0.0
      ],
      [
        0.0
      ],
      [
        0.0
      ],
      [
        0.0
      ],
      [
        0.0
      ],
      [
        0.0
      ],
      [
        0.0
      ]
    ]
  },
  "composite_closed_loop": {
    "Acl": [
      [
        1.000283555432697,
        -2.1315409641133313e-05,
        2.348756484104564e-06,
        -0.005319294651793817,
        0.00030240359333525286,
        -0.0014365101013752391,
        -1.3160723354193937e-05,
        -7.063880965054912e-08,
        3.9125809116571107e-10,
        -5.7852063453250885e-09,
        1.1302420153918968e-07,
        -8.725991050533511e-09,
        -9.853631572705581e-10,
        2.2389495911010163e-09
      ],
      [
        -0.0036433900154823145,
        0.9517011666828846,
        0.048513211646787215,
        -0.07360529900332746,
        0.00420433279343808,
        -0.00440971723427711,
        0.00014307318095137318,
        -3.4869604942618398e-06,
        1.9313766946305362e-08,
        -2.855765276495523e-07,
        5.579240754654746e-06,
        -4.30743188015431e-07,
        -4.864071774285402e-08,
        1.1052180538481448e-07
      ],
      [
        -0.14342293597572556,
        -1.9283912969941015,
        0.9215491979774404,
        -2.9057128707881015,
        0.16542942462936547,
        -0.17335579102986456,
        0.005442732139183093,
        -0.00013546394138381807,
        7.503150660354371e-07,
        -1.1094281700573901e-05,
        0.0002167463450757428,
        -1.6733820204967225e-05,
        -1.8896294776002806e-06,
        4.293630338204231e-06
      ],
      [
        -0.00015114221815743683,
        -1.9523481140646285e-05,
        -6.135489205123747e-07,
        0.01748044938719003,
        0.031062348995271216,
        -0.0001396369964977623,
        6.420014958802046e-06,
        -1.4600885691565826e-07,
        8.087218192480371e-10,
        -1.1957893538705218e-08,
        2.3361852432367232e-07,
        -1.8036430469985388e-08,
        -2.03672384842855e-09,
        4.627859276021912e-09
      ],
      [
        -0.004695199167130341,
        -0.0006042673038419164,
        6.5994891974197275e-06,
        -30.527882115413167,
        -0.013036593397463426,
        -0.004331339650854905,
        0.0001966369715190589,
        -4.479879797632472e-06,
        2.4813402532468744e-08,
        -3.668950419715288e-07,
        7.167941243967731e-06,
        -5.533982128944744e-07,
        -6.249126398682748e-08,
        1.4199312093041416e-07
      ],
      [
        -0.00013485587985458857,
        -6.8685103631372735e-06,
        -0.0024189556019365813,
        -7.509128528814609e-08,
        0.00011225883837935886,
        0.902175457814099,
        0.03454763975880802,
        -0.0003965139440299454,
        2.1962330570010963e-06,
        -3.2473862404532816e-05,
        0.0006344341325235106,
        -4.898124903482363e-05,
        -5.531098750446046e-06,
        1.2567804260059418e-05
      ],
      [
        -0.004721698142306773,
        -3.1738537702041206e-06,
        -0.0849210360296299,
        -4.4748392673620285e-07,
        0.003924557926641896,
        -3.449068685416408,
        0.41881955644093716,
        -0.013908586421531758,
        7.703763697353783e-05,
        -0.0011390911429340939,
        0.02225415295938841,
        -0.001718123525017732,
        -0.00019401528277854281,
        0.00044084298752109
      ],
      [
        -0.0010249184483371078,
        -2.4873878998640944e-12,
        2.4148163313251545,
        7.113044716845397e-10,
        0.19879203946637938,
        -5.647837908508694e-12,
        7.1317315118032575e-12,
        0.9817534468522442,
        3.203871103076676e-05,
        0.014284714955596679,
        -0.46473125266276427,
        0.03490651497347361,
        0.007768263821363762,
        -0.01808963921222287
      ],
      [
        -29.78116954570147,
        -7.2579320861392644e-12,
        1.0167970234267496,
        -4.1508979401479464e-08,
        0.3667039375906668,
        8.811965123015518e-10,
        -6.53265619373874e-10,
        -0.0012741275211752942,
        0.8539748147682366,
        0.0035339794827219263,
        0.005227236900738949,
        -0.0014894251009416415,
        0.0015888993655231159,
        -0.004018270110753374
      ],
      [
        -1.0886933234241778,
        1.1981481409848102e-10,
        -9.133150867013185,
        1.596990750612952e-08,
        -7.999191353234066,
        2.8821938852051984e-10,
        -2.002051471074391e-11,
        -0.0005603555861176714,
        -0.003941427160207763,
        0.8220451056927508,
        0.006019784305990799,
        -0.20446289290844696,
        -0.015373085726838534,
        0.019166598278161
      ],
      [
        -0.8400780512171963,
        -1.4918023873733663e-11,
        8.393097671475262,
        1.8479290427721796e-10,
        1.0989320139737695,
        -7.73370347169064e-12,
        4.6431532301153826e-12,
        -0.026745550186131468,
        -0.004604720558641171,
        0.07377045646002563,
        -0.0012939073832865433,
        -0.07985232205365822,
        0.005743786531798956,
        -0.02562830783384156
      ],
      [
        -4.60838784654429,
        -1.1845247113628848e-10,
        48.1204218011625,
        -4.665623463634059e-09,
        8.461143820699359,
        -1.2036964827427505e-10,
        2.195991060903599e-11,
        0.003897188473800428,
        -0.027048235409599115,
        0.42081369870741553,
        -0.04859556091447203,
        -0.4730391181967572,
        -0.07866782595151299,
        0.09290252446643653
      ],
      [
        -1.959496751381724,
        1.0256481936605359e-09,
        11.717421104707169,
        1.901944553137566e-07,
        -67.11839444168714,
        2.2304383750525685e-09,
        2.8269173323357365e-10,
        0.001128211766282997,
        -0.011039124044939105,
        0.2094470765046733,
        0.08022503737788783,
        0.6324675303025185,
        3.343959692541096,
        -7.305229415545571
      ],
      [
        -1.3286591267789998,
        4.633042581974748e-10,
        8.145073748131981,
        8.668658610779276e-08,
        -30.27840006578269,
        1.020403547954159e-09,
        1.2722307966691367e-10,
        0.0005513243240476679,
        -0.007412274456982988,
        0.12336028781966213,
        0.03291245017462625,
        0.2516690146760899,
        1.5838379678671721,
        -3.3401511062951603
      ]
    ],
    "Bcl": [
      [
        0.0018267078843931023,
        0.0001,
        -2.3977978705976027e-12
      ],
      [
        0.025318724600491338,
        0.0,
        -1.1836307108459335e-10
      ],
      [
        0.9991697099088829,
        0.0,
        -4.598253450188943e-09
      ],
      [
        0.0010250862765301759,
        0.0,
        -4.956195155789038e-12
      ],
      [
        0.031850672232061644,
        0.0,
        -1.5206720345991645e-10
      ],
      [
        -2.1761949156065504e-18,
        0.0,
        -1.3459460817087385e-08
      ],
      [
        7.20171626343642e-18,
        0.0,
        -4.7211977480303323e-07
      ],
      [
        -8.462541994028766e-18,
        0.0,
        -1.0249184720602463e-07
      ],
      [
        -7.957314273234757e-17,
        0.0,
        -0.002978117053480107
      ],
      [
        8.194189736091979e-17,
        0.0,
        -0.00010886933600251318
      ],
      [
        -3.445419886994301e-17,
        0.0,
        -8.400780790600827e-05
      ],
      [
        -2.1271650994606664e-16,
        0.0,
        -0.0004608387999146355
      ],
      [
        4.486758379118361e-16,
        0.0,
        -0.00019594968202004445
      ],
      [
        1.9299529873609723e-16,
        0.0,
        -0.00013286591725948646
      ]
    ],
    "Ccl": [
      [
        0.9999999667867143,
        -8.013487196666056e-13,
        3.1899468513516353e-12,
        1.3778993592908467e-09,
        -5.5431409588802484e-11,
        2.9679338940171145e-11,
        3.95406863390247e-11,
        4.823650322792868e-13,
        -2.671749746468346e-15,
        3.950493021201948e-14,
        -7.717984333753285e-13,
        5.958640831551222e-14,
        6.728662806111397e-15,
        -1.5288918331521493e-14
      ],
      [
        -5.313667588007774e-13,
        0.999999999004579,
        4.976536364006804e-12,
        -1.8185416216631077e-10,
        -1.489913656768608e-11,
        1.440736856587623e-10,
        2.7753043602556473e-11,
        7.952351873827373e-13,
        -4.4046920238661984e-15,
        6.512849911870838e-14,
        -1.2724000097742738e-12,
        9.823516509549737e-14,
        1.1092987819140105e-14,
        -2.520557051326075e-14
      ],
      [
        2.6486621492579065e-13,
        1.2115965822605995e-13,
        0.9999999999753135,
        5.242685662644004e-10,
        -5.537546234734302e-13,
        7.459722635695353e-12,
        5.417998910467449e-12,
        5.783045582767385e-14,
        -3.203144825105749e-16,
        4.736222505197613e-15,
        -9.253045354112088e-14,
        7.143778929698213e-15,
        8.066953679238461e-16,
        -1.8329792938059405e-15
      ],
      [
        1.3777547999181457e-09,
        -1.8185445937687516e-10,
        5.216672591218073e-10,
        0.9999935333409627,
        -2.782601316948775e-09,
        -3.4536749690113394e-10,
        1.512199978359131e-10,
        -4.259043595237376e-13,
        2.359022293138499e-15,
        -3.488089076539515e-14,
        6.814596735897321e-13,
        -5.2611838279447153e-14,
        -5.941074976655451e-15,
        1.3499355330606137e-14
      ],
      [
        -5.540299989318256e-11,
        -1.4674738002513916e-11,
        -2.47499580557485e-12,
        -2.782720219314344e-09,
        0.9999999931929209,
        -7.154528583409231e-11,
        -1.5816333155671242e-11,
        -3.173116957622236e-13,
        1.7575433250171896e-15,
        -2.598732403406531e-14,
        5.077081738776554e-13,
        -3.919741897051136e-14,
        -4.4262814722092195e-15,
        1.0057430115158768e-14
      ],
      [
        1.1063562777881333e-11,
        1.4407391281451827e-10,
        -3.27379719605298e-10,
        -3.4536488515559115e-10,
        -5.60694668206924e-11,
        0.999999987452173,
        -1.9763216618514502e-09,
        -5.48418460304701e-11,
        3.0376100758258967e-13,
        -4.491460108322349e-12,
        8.774858876010061e-11,
        -6.774596854392191e-12,
        -7.650063020945846e-13,
        1.7382530842829881e-12
      ],
      [
        3.406579917875058e-11,
        2.7753002666072508e-11,
        -9.305726084851746e-11,
        1.5122323975862046e-10,
        -1.1265174889616179e-11,
        -1.97631600874296e-09,
        0.9999999992499505,
        -1.6128853397067038e-11,
        8.933537277944473e-14,
        -1.3209274827411391e-12,
        2.5806646317573926e-11,
        -1.9923924411299863e-12,
        -2.2498649092630057e-13,
        5.112160000562915e-13
      ],
      [
        -0.0013688427809021686,
        -1.9722498559937747e-10,
        -0.02462122867179545,
        8.765226277241237e-11,
        0.0011379319942483544,
        1.3599645277971272e-08,
        3.9995197709671824e-09,
        -0.004032592596074985,
        2.2335943787764732e-05,
        -0.00033026293039668483,
        0.006452268385593898,
        -0.0004981449585274045,
        -5.625191296557238e-05,
        0.00012781602052362566
      ]
    ],
    "Dcl": [
      [
        9.215718466055176e-19,
        0.0,
        1.637363161938597e-17
      ],
      [
        -6.071532165930631e-18,
        0.0,
        2.6993847268429875e-17
      ],
      [
        -3.295974604356019e-17,
        0.0,
        1.9630249224932567e-18
      ],
      [
        -1.1057750852125341e-14,
        0.0,
        -1.4457103275045282e-17
      ],
      [
        5.421010862474629e-19,
        0.0,
        -1.0770981450258052e-17
      ],
      [
        -8.6736173717423e-19,
        0.0,
        -1.86157810815376e-15
      ],
      [
        -6.938893903667782e-18,
        0.0,
        -5.474855893238799e-16
      ],
      [
        5.914558982560457e-18,
        0.0,
        -1.3688427066778992e-07
      ]
    ]
  },
  "Acl_eigenvals": {
    "cartesian": [
      {
        "re": 0.0022215896757989823,
        "im": 0.9736690825923313,
        "abs": 0.9736716170541687
      },
      {
        "re": 0.0022215896757989823,
        "im": -0.9736690825923313,
        "abs": 0.9736716170541687
      },
      {
        "re": -0.40216136340535247,
        "im": 0.0,
        "abs": 0.40216136340535247
      },
      {
        "re": -0.002917445709455426,
        "im": 0.6516647667536641,
        "abs": 0.6516712972945602
      },
      {
        "re": -0.002917445709455426,
        "im": -0.6516647667536641,
        "abs": 0.6516712972945602
      },
      {
        "re": -0.006048446195458411,
        "im": 0.0,
        "abs": 0.006048446195458411
      },
      {
        "re": 0.9370304460124831,
        "im": 0.305456165281259,
        "abs": 0.9855605134453614
      },
      {
        "re": 0.9370304460124831,
        "im": -0.305456165281259,
        "abs": 0.9855605134453614
      },
      {
        "re": 1.0002845203726032,
        "im": 0.0,
        "abs": 1.0002845203726032
      },
      {
        "re": 0.9944588987093026,
        "im": 0.0,
        "abs": 0.9944588987093026
      },
      {
        "re": 0.854003685549439,
        "im": 0.0,
        "abs": 0.854003685549439
      },
      {
        "re": 0.754853249285896,
        "im": 0.0,
        "abs": 0.754853249285896
      },
      {
        "re": 0.6590809970214122,
        "im": 0.24609708412628042,
        "abs": 0.7035279208746418
      },
      {
        "re": 0.6590809970214122,
        "im": -0.24609708412628042,
        "abs": 0.7035279208746418
      }
    ],
    "polar": [
      {
        "abs": 0.9736716170541687,
        "ang_rad": 1.568514662664522
      },
      {
        "abs": 0.9736716170541687,
        "ang_rad": -1.568514662664522
      },
      {
        "abs": 0.40216136340535247,
        "ang_rad": 3.141592653589793
      },
      {
        "abs": 0.6516712972945602,
        "ang_rad": 1.575273208724576
      },
      {
        "abs": 0.6516712972945602,
        "ang_rad": -1.575273208724576
      },
      {
        "abs": 0.006048446195458411,
        "ang_rad": 3.141592653589793
      },
      {
        "abs": 0.9855605134453614,
        "ang_rad": 0.3151208953165676
      },
      {
        "abs": 0.9855605134453614,
        "ang_rad": -0.3151208953165676
      },
      {
        "abs": 1.0002845203726032,
        "ang_rad": 0.0
      },
      {
        "abs": 0.9944588987093026,
        "ang_rad": 0.0
      },
      {
        "abs": 0.854003685549439,
        "ang_rad": 0.0
      },
      {
        "abs": 0.754853249285896,
        "ang_rad": 0.0
      },
      {
        "abs": 0.7035279208746418,
        "ang_rad": 0.3573621861496201
      },
      {
        "abs": 0.7035279208746418,
        "ang_rad": -0.3573621861496201
      }
    ]
  },
  "disturbance": {
    "Sigma_nom": [
      [
        1.0,
        0.0,
        0.0
      ],
      [
        0.0,
        1.0,
        0.0
      ],
      [
        0.0,
        0.0,
        1.0
      ]
    ]
  },
  "dro_variables": {
    "Q": [
      [
        667.8425890348448,
        0.0042964209795427685,
        0.007225401946855965
      ],
      [
        0.0042964209795427685,
        0.00018402303790955826,
        -2.4554498795051282e-05
      ],
      [
        0.007225401946855965,
        -2.4554498795051282e-05,
        2.0248998656495552e-05
      ]
    ],
    "X": [
      [
        14763.54322350114,
        34.52066779359511,
        6.985095541989535,
        -0.8578249324452438,
        -4.06156232726712,
        1.2187210028745123,
        -14.932765306613216
      ],
      [
        34.52066779359511,
        15448.466513746323,
        1240.2154565200829,
        -42.02390259323897,
        -173.0790295307713,
        -56.16380106673963,
        -123.80516973694016
      ],
      [
        6.985095541989535,
        1240.2154565200829,
        470.92099842626874,
        -18.98843412484213,
        -52.42256707064252,
        49.64280313515935,
        -25.33916903560711
      ],
      [
        -0.8578249324452438,
        -42.02390259323897,
        -18.98843412484213,
        16765.4106259055,
        11.499825485488607,
        -0.6174912482093176,
        -0.07151894969610231
      ],
      [
        -4.06156232726712,
        -173.0790295307713,
        -52.42256707064252,
        11.499825485488607,
        23.25004835742795,
        -4.537029228837572,
        3.0324046759653216
      ],
      [
        1.2187210028745123,
        -56.16380106673963,
        49.64280313515935,
        -0.6174912482093176,
        -4.537029228837572,
        17843.634844888606,
        1496.0723571394365
      ],
      [
        -14.932765306613216,
        -123.80516973694016,
        -25.33916903560711,
        -0.07151894969610231,
        3.0324046759653216,
        1496.0723571394365,
        553.5040094693993
      ]
    ],
    "Y": [
      [
        0.3575082755149969,
        -0.013143983866625361,
        0.00578234544010451,
        -0.0001535460123663763,
        0.0009635933277534346,
        -0.0007046306087211039,
        5.915859897553458e-05
      ],
      [
        -0.013143983866625361,
        0.1831382915743238,
        0.07405786877813475,
        -0.001369592464316819,
        0.013347173854730538,
        -0.010545672290641236,
        0.0006514421844622029
      ],
      [
        0.00578234544010451,
        0.07405786877813475,
        0.4162027116995836,
        0.0009928624045754276,
        -0.01523148092884976,
        0.00512975263114125,
        -0.0005502196998452747
      ],
      [
        -0.0001535460123663763,
        -0.001369592464316819,
        0.0009928624045754276,
        0.0009208990165814401,
        -3.410694806789666e-05,
        -0.0001387463890575087,
        2.628664592183918e-06
      ],
      [
        0.0009635933277534346,
        0.013347173854730538,
        -0.01523148092884976,
        -3.410694806789666e-05,
        0.4675859352529043,
        0.0008067682107954135,
        0.00012387767199686323
      ],
      [
        -0.0007046306087211039,
        -0.010545672290641236,
        0.00512975263114125,
        -0.0001387463890575087,
        0.0008067682107954135,
        0.32395500247220055,
        -0.00872876139640488
      ],
      [
        5.915859897553458e-05,
        0.0006514421844622029,
        -0.0005502196998452747,
        2.628664592183918e-06,
        0.00012387767199686323,
        -0.00872876139640488,
        0.41604020346768356
      ]
    ],
    "K": [
      [
        0.5255915862647287,
        -0.004685874667158641,
        0.03101935339318817,
        -0.01925308328778971,
        0.019937724997989716,
        -0.0006531240603065687,
        0.0035304769895319636
      ],
      [
        -0.017866137016061857,
        0.28383924482465883,
        0.45571652725227535,
        -0.45905616022282414,
        -0.028443147930807794,
        -0.0203561967168421,
        0.04045851837021577
      ],
      [
        -0.06713131901837842,
        -0.9134828882338921,
        0.39672986204285815,
        -0.22320033905962894,
        -0.2228483978910807,
        -0.0844854085841795,
        -0.006762579190767892
      ],
      [
        0.09232452039938313,
        1.2333223127885304,
        -0.3658369087213799,
        0.23445031890929302,
        2.652308135964869,
        0.12888857801066064,
        -0.007289242989462277
      ],
      [
        0.00688539922790321,
        0.09359312419190516,
        -0.039275908831803236,
        -0.02962395031941285,
        0.028193202742348406,
        0.008831699991608896,
        0.0006498970533599651
      ],
      [
        0.00026702316629907284,
        -0.0009170467179221082,
        0.017512412920391334,
        0.0017921746992180009,
        0.03707812645266256,
        0.55319733780536,
        0.2401360953820407
      ],
      [
        0.0007930058700078882,
        0.011083141957244799,
        -0.008448279264376187,
        0.009043277451640679,
        0.009275709175737822,
        -0.06488360862267231,
        0.2157808122114829
      ]
    ],
    "L": [
      [
        -2164.291921754666,
        33.32155401025397,
        -11.477291536392928
      ],
      [
        108.58968881034774,
        -471.3087656940522,
        -458.7885211368593
      ],
      [
        59.783574585979295,
        -597.2676360962739,
        -98.95357162826116
      ],
      [
        0.03751625605840927,
        -30.243873233580267,
        -297.76100700996403
      ],
      [
        -5.89501419265695,
        65.50178435518991,
        11.355452399261612
      ],
      [
        1.6103402222821042,
        -21.423329700229317,
        -6.762387440480516
      ],
      [
        -4.166804653683765,
        1.395790497809461,
        8.68512785213531
      ]
    ],
    "M": [
      [
        -0.0006055744148160201,
        -0.00927869401344938,
        0.004630829435908521,
        -0.00014442716367065256,
        0.0006938818297252763,
        0.31377598234846094,
        -0.059860358456910165
      ]
    ],
    "N": [
      [
        -0.0013688427440047457,
        -0.024621229329462063,
        0.0011379319542482735
      ]
    ],
    "Pbar": [
      [
        0.3575082755149969,
        -0.013143983866625361,
        0.00578234544010451,
        -0.0001535460123663763,
        0.0009635933277534346,
        -0.0007046306087211039,
        5.915859897553458e-05,
        1.0,
        0.0,
        0.0,
        0.0,
        0.0,
        0.0,
        0.0
      ],
      [
        -0.013143983866625361,
        0.1831382915743238,
        0.07405786877813475,
        -0.001369592464316819,
        0.013347173854730538,
        -0.010545672290641236,
        0.0006514421844622029,
        0.0,
        1.0,
        0.0,
        0.0,
        0.0,
        0.0,
        0.0
      ],
      [
        0.00578234544010451,
        0.07405786877813475,
        0.4162027116995836,
        0.0009928624045754276,
        -0.01523148092884976,
        0.00512975263114125,
        -0.0005502196998452747,
        0.0,
        0.0,
        1.0,
        0.0,
        0.0,
        0.0,
        0.0
      ],
      [
        -0.0001535460123663763,
        -0.001369592464316819,
        0.0009928624045754276,
        0.0009208990165814401,
        -3.410694806789666e-05,
        -0.0001387463890575087,
        2.628664592183918e-06,
        0.0,
        0.0,
        0.0,
        1.0,
        0.0,
        0.0,
        0.0
      ],
      [
        0.0009635933277534346,
        0.013347173854730538,
        -0.01523148092884976,
        -3.410694806789666e-05,
        0.4675859352529043,
        0.0008067682107954135,
        0.00012387767199686323,
        0.0,
        0.0,
        0.0,
        0.0,
        1.0,
        0.0,
        0.0
      ],
      [
        -0.0007046306087211039,
        -0.010545672290641236,
        0.00512975263114125,
        -0.0001387463890575087,
        0.0008067682107954135,
        0.32395500247220055,
        -0.00872876139640488,
        0.0,
        0.0,
        0.0,
        0.0,
        0.0,
        1.0,
        0.0
      ],
      [
        5.915859897553458e-05,
        0.0006514421844622029,
        -0.0005502196998452747,
        2.628664592183918e-06,
        0.00012387767199686323,
        -0.00872876139640488,
        0.41604020346768356,
        0.0,
        0.0,
        0.0,
        0.0,
        0.0,
        0.0,
        1.0
      ],
      [
        1.0,
        0.0,
        0.0,
        0.0,
        0.0,
        0.0,
        0.0,
        14763.54322350114,
        34.52066779359511,
        6.985095541989535,
        -0.8578249324452438,
        -4.06156232726712,
        1.2187210028745123,
        -14.932765306613216
      ],
      [
        0.0,
        1.0,
        0.0,
        0.0,
        0.0,
        0.0,
        0.0,
        34.52066779359511,
        15448.466513746323,
        1240.2154565200829,
        -42.02390259323897,
        -173.0790295307713,
        -56.16380106673963,
        -123.80516973694016
      ],
      [
        0.0,
        0.0,
        1.0,
        0.0,
        0.0,
        0.0,
        0.0,
        6.985095541989535,
        1240.2154565200829,
        470.92099842626874,
        -18.98843412484213,
        -52.42256707064252,
        49.64280313515935,
        -25.33916903560711
      ],
      [
        0.0,
        0.0,
        0.0,
        1.0,
        0.0,
        0.0,
        0.0,
        -0.8578249324452438,
        -42.02390259323897,
        -18.98843412484213,
        16765.4106259055,
        11.499825485488607,
        -0.6174912482093176,
        -0.07151894969610231
      ],
      [
        0.0,
        0.0,
        0.0,
        0.0,
        1.0,
        0.0,
        0.0,
        -4.06156232726712,
        -173.0790295307713,
        -52.42256707064252,
        11.499825485488607,
        23.25004835742795,
        -4.537029228837572,
        3.0324046759653216
      ],
      [
        0.0,
        0.0,
        0.0,
        0.0,
        0.0,
        1.0,
        0.0,
        1.2187210028745123,
        -56.16380106673963,
        49.64280313515935,
        -0.6174912482093176,
        -4.537029228837572,
        17843.634844888606,
        1496.0723571394365
      ],
      [
        0.0,
        0.0,
        0.0,
        0.0,
        0.0,
        0.0,
        1.0,
        -14.932765306613216,
        -123.80516973694016,
        -25.33916903560711,
        -0.07151894969610231,
        3.0324046759653216,
        1496.0723571394365,
        553.5040094693993
      ]
    ],
    "Abar": [
      [
        0.35736911666393806,
        -0.013116385362218545,
        0.005762257091858806,
        -0.0001581657826053511,
        0.001103179031364621,
        -0.0011622432120379149,
        6.50849475067168e-05,
        0.9996039742888885,
        -2.2192180207118064e-05,
        1.8883480165364729e-06,
        -0.005320334971592369,
        0.0003021410392541769,
        -0.001437892992895052,
        -1.2867846035238329e-05
      ],
      [
        -0.01350247336043501,
        0.17802015934958146,
        0.09042629571109598,
        -0.001321469573403659,
        0.01391270215358418,
        -0.010923125492923682,
        0.0006397479192749172,
        -0.0036342540315484418,
        0.9511346281706918,
        0.04842587255776633,
        -0.073630241752475,
        0.004191869698973235,
        -0.004414040753786692,
        0.00014513769168497881
      ],
      [
        -0.0198694463589011,
        -0.2752654219773084,
        0.23410273645289087,
        0.0009166121715965082,
        0.03739033274299884,
        -0.019961203647093348,
        7.3732765461897824e-06,
        -0.1434199548927405,
        -1.9284038007388906,
        0.9215263776960793,
        -2.905719322765273,
        0.16542559636736381,
        -0.17335787554027177,
        0.005443016155228058
      ],
      [
        -2.6444888307956685e-05,
        0.0003900064559060717,
        -0.0004577767078746412,
        1.5104152545816788e-05,
        0.014512062545327806,
        -1.1067553746218241e-05,
        5.603334546922004e-06,
        -0.0001511157648040852,
        -1.935380614500616e-05,
        2.9030895113612504e-07,
        0.017480436651776312,
        0.031038544002003825,
        -0.00013967277652313044,
        6.42235250630253e-06
      ],
      [
        0.003007279912971051,
        0.04162648241762463,
        -0.030185021872615413,
        -0.028110607133682783,
        -0.005070710873111137,
        0.0031786505656781717,
        -2.943931220008745e-05,
        -0.00469538180725805,
        -0.0006013404282451401,
        9.217841511439046e-06,
        -30.527856956720907,
        -0.013036163417092256,
        -0.004331118796378324,
        0.0001965997711063808
      ],
      [
        -0.0006928502536907001,
        -0.010398624978158567,
        0.005061717471255544,
        -0.00013921430184836775,
        0.0007999409472815635,
        0.3226530663398098,
        0.0005930038753033644,
        -0.00013459482167597228,
        1.1147207293153786e-10,
        -0.002420943158531571,
        -2.975715017683807e-10,
        0.00011188991090535589,
        0.9016725306554018,
        0.03449043067241788
      ],
      [
        0.00036642495770027777,
        0.0046426911937812385,
        -0.0019512435637346129,
        -1.8492324459239964e-05,
        -0.000337469030641259,
        -0.03876355708525692,
        -0.0021147336605216727,
        -0.004721197921142794,
        -1.1655315604367633e-09,
        -0.08491968045018039,
        1.5568264323484666e-09,
        0.003924776805395098,
        -3.449043119345892,
        0.4188065117789127
      ],
      [
        0.5255915862647287,
        -0.004685874667158641,
        0.03101935339318817,
        -0.01925308328778971,
        0.019937724997989716,
        -0.0006531240603065687,
        0.0035304769895319636,
        12592.297352223835,
        19.03854152404723,
        41.47206873063404,
        22.59030811750371,
        -5.690726215053518,
        30.028657363923262,
        -6.359653959162197
      ],
      [
        -0.017866137016061857,
        0.28383924482465883,
        0.45571652725227535,
        -0.45905616022282414,
        -0.028443147930807794,
        -0.0203561967168421,
        0.04045851837021577,
        -90.02437434075104,
