{
  "prob": "DDD",
  "meta": {
    "model": "correlated",
    "disturbance_type": "2W_correlated",
    "gamma": 0.5,
    "objective": 1820447.381544905,
    "spectral_radius_Acl": 1.0001765437967303,
    "Z_cost": 299.5599185691525,
    "lambda_opt": 606290.245748337,
    "trace_Q_Sigma": 1554346.5573042994,
    "real_Z_mats": false,
    "N_sims": 71,
    "SNR": 18.05454283283678
  },
  "solver_performance": {
    "solver": "SCS",
    "status": "optimal_inaccurate",
    "num_violations": 5,
    "tot_constraints:": 25,
    "Time_seconds": 23.80102050001733,
    "attempt": 1,
    "Total_time": 23.80102050001733,
    "stress": 1.1061763086999077
  },
  "problem_params": {
    "Methodology": "Mats",
    "FROM_DATA": true,
    "augmented": false,
    "reg_fro": false,
    "non_convex": false,
    "N_sims": 71
  },
  "controller": {
    "Ac": [
      [
        0.9874711281145321,
        -0.0076959410662566724,
        -0.0004435469304789512,
        0.0010914946188132564,
        -0.10059976172440967,
        -5.3910671978932145e-05,
        0.0008405813481016281
      ],
      [
        -0.0047870299757100995,
        0.5804453481405514,
        0.15395460792931784,
        -0.016625565423177197,
        0.005919604957694219,
        1.5693044932844072e-06,
        0.01363218562938498
      ],
      [
        0.0006526254490869527,
        -0.07138917229467208,
        0.5583691981482306,
        0.1150216219994709,
        -0.004419850321533796,
        -0.00046569641219983013,
        -0.008696185299326364
      ],
      [
        -0.007268749334961656,
        -0.5543614478556108,
        0.0694739390139446,
        0.021665904256820728,
        0.01650744757333884,
        0.00011459488216832089,
        0.05354825682194029
      ],
      [
        0.03114960241592625,
        0.0003017238602672853,
        0.002042859224656967,
        0.005171560028072765,
        0.0368341547829383,
        1.5934956094455577e-06,
        -0.004737059289638563
      ],
      [
        0.00011086937694088206,
        0.006792794244177355,
        -0.00324206571243509,
        0.011667992366557507,
        -0.001330021747069874,
        0.056404596307180116,
        12.42583286789237
      ],
      [
        -4.323972660065581e-06,
        -0.00036765965335071603,
        0.00013286386769117777,
        -0.0010229970122103632,
        1.2231175964597121e-05,
        -0.051083365939091095,
        -0.05486387807413336
      ]
    ],
    "Bc": [
      [
        4.512792774668685,
        -1.9868887171316798,
        -0.00034321074774962
      ],
      [
        -137.15678986505537,
        -396.93629645006894,
        0.8030145413908875
      ],
      [
        891.7445442182411,
        48.70162323942472,
        -0.020330767843164944
      ],
      [
        50.999049169592155,
        -945.8572496428336,
        2.5438848026456538
      ],
      [
        -4.191855023959127,
        2.490004560344283,
        -0.17022451373571834
      ],
      [
        5.0473673025123516,
        18.982114045213596,
        515.180455358645
      ],
      [
        -0.16457949640425226,
        -1.017623011434591,
        -2.2903905514332514
      ]
    ],
    "Cc": [
      [
        -0.00026391505086684723,
        -1.2905608657311656e-06,
        3.125432102500728e-07,
        1.0387110404778946e-05,
        -0.0004272348090113668,
        -1.7081661070550986e-07,
        5.09641334465682e-07
      ]
    ],
    "Dc": [
      [
        1.78113156081445e-05,
        -7.462175138140514e-05,
        -8.27861260777331e-05
      ]
    ]
  },
  "plant": {
    "A": [
      [
        1.000021073995554,
        0.039126341626777424,
        0.002729171144546983,
        0.008969148493419348,
        -0.00020955043591666656,
        -0.002141242679343875,
        -0.00047226824397319
      ],
      [
        0.00014203294544438646,
        0.9590433872013214,
        0.04892929838882582,
        0.001705817254995439,
        -4.004574221232403e-05,
        -0.0014042098145661513,
        -0.00010558596325045534
      ],
      [
        0.005961854720236049,
        -1.6172883220849343,
        0.9416271916113816,
        0.06707149678094998,
        -0.0015627627539131523,
        -0.0535957179455634,
        -0.004294960615627428
      ],
      [
        2.1482816555487913e-06,
        0.0002997309894116568,
        2.094881864946978e-05,
        0.02053022907110538,
        0.030867302504320255,
        -1.6786005022880286e-05,
        -3.564660415386437e-06
      ],
      [
        6.589964924466691e-05,
        0.009316725479089105,
        0.0006502692374424495,
        -30.43296880565667,
        -0.01835911968251918,
        -0.000515277913005705,
        -0.00011409873981041793
      ],
      [
        -8.697610484684841e-05,
        0.0002486569594636146,
        -6.466694413755462e-05,
        6.248263429598976e-05,
        -4.363462617423256e-06,
        0.9014327547422125,
        0.0344520129610007
      ],
      [
        0.0024823275836916314,
        -0.007097244432240506,
        0.0018458695511306626,
        -0.0017832746022126015,
        0.000124533635893025,
        -3.4421592353256316,
        0.41990493826534164
      ]
    ],
    "Bw": [
      [
        -0.004535142587172764,
        -0.13243894597216524,
        0.0001,
        0.0
      ],
      [
        0.002417087257368479,
        -0.025235741997417516,
        0.0,
        0.0
      ],
      [
        -0.04728573665318104,
        -0.98923188967632,
        0.0,
        0.0
      ],
      [
        -5.084938508753873e-05,
        -0.0010144978285118059,
        0.0,
        0.0
      ],
      [
        -0.0012423985874472408,
        -0.03153882284074818,
        0.0,
        0.0
      ],
      [
        0.03497653830041703,
        -0.0016600871552789785,
        0.0,
        0.0
      ],
      [
        -0.9982548496795192,
        0.04738004771685617,
        0.0,
        0.0
      ]
    ],
    "Bu": [
      [
        0.0019523474611228234
      ],
      [
        0.0003716260859058516
      ],
      [
        0.013131181531034363
      ],
      [
        1.5016007867644807e-05
      ],
      [
        0.0004596463208862707
      ],
      [
        0.09849907066851508
      ],
      [
        3.444145441257138
      ]
    ],
    "Cz": [
      [
        0.9999966217989817,
        9.64611935666335e-06,
        -2.5083437832688007e-06,
        2.4237601466805732e-06,
        -1.6924351107779177e-07,
        -9.354349781475508e-06,
        -1.4926302573007955e-06
      ],
      [
        -8.62943247727283e-06,
        1.0000242410272147,
        -6.4204648476957095e-06,
        6.168276183001046e-06,
        -4.316083079200698e-07,
        -2.392717849188668e-05,
        -3.8147299407853e-06
      ],
      [
        -1.5227322843056218e-05,
        4.353423838012875e-05,
        0.9999886643939776,
        1.0941085605749649e-05,
        -7.64089857491951e-07,
        -4.22291286659459e-05,
        -6.737905774402046e-06
      ],
      [
        1.3257229588134032e-08,
        -6.923884388585226e-08,
        1.1140359987053751e-08,
        0.9999894443291047,
        -9.403327276603157e-09,
        3.714625357994543e-08,
        6.277662280904183e-09
      ],
      [
        4.4308664308825875e-07,
        -1.265476537669949e-06,
        3.293282102501851e-07,
        -3.2837921429742327e-07,
        1.0000000108670355,
        1.228677093467451e-06,
        1.9603920288614217e-07
      ],
      [
        -0.00019836785796376228,
        0.0005671645548592519,
        -0.00014750804696155584,
        0.0001425118014001154,
        -9.951884487711976e-06,
        0.9994498719825425,
        -8.778050289314662e-05
      ],
      [
        0.0018014882670628072,
        -0.005150642786378139,
        0.0013395950312686288,
        -0.001294212616507264,
        9.03771479762416e-05,
        0.0049959005638486875,
        1.0007971640882332
      ],
      [
        0.00030259808857346964,
        -0.0008651869694275149,
        0.0002250135377694518,
        -0.00021739306979937862,
        1.518097612178569e-05,
        0.0008391811770982434,
        0.00013390489588027755
      ]
    ],
    "Dzw": [
      [
        0.0013564704256150417,
        -6.438196945238173e-05,
        0.0,
        0.0
      ],
      [
        0.003471127241563139,
        -0.00016474963480820042,
        0.0,
        0.0
      ],
      [
        0.00612355092011093,
        -0.00029064125603098234,
        0.0,
        0.0
      ],
      [
        -5.134855564576483e-06,
        2.437224648425395e-07,
        0.0,
        0.0
      ],
      [
        -0.00017819398841229916,
        8.457596795866107e-06,
        0.0,
        0.0
      ],
      [
        0.07977260580958417,
        -0.003786236229812154,
        0.0,
        0.0
      ],
      [
        -0.7244594457856383,
        0.034384919143784026,
        0.0,
        0.0
      ],
      [
        -0.12168820790566742,
        0.005775670693449059,
        0.0,
        0.0
      ]
    ],
    "Dzu": [
      [
        6.655510120035318e-06
      ],
      [
        1.7003148789833718e-05
      ],
      [
        3.0044539239985806e-05
      ],
      [
        -2.791607939890729e-08
      ],
      [
        -8.740519126597012e-07
      ],
      [
        0.00039140468223208054
      ],
      [
        -0.003554430520561337
      ],
      [
        0.9994029289392796
      ]
    ],
    "Cy": [
      [
        0.9999966730550999,
        3.360437640546601e-06,
        -2.4170087958482977e-06,
        1.7976719954738236e-06,
        -1.1726966821516736e-07,
        -6.087345675563001e-06,
        -5.087516074758366e-07
      ],
      [
        -1.499594065235255e-05,
        1.5159191605100902e-05,
        0.9999890767016073,
        8.114776323296079e-06,
        -5.294676973677925e-07,
        -2.7481103152413596e-05,
        -2.296445966080426e-06
      ],
      [
        4.3635530183907393e-07,
        -4.3999328745779375e-07,
        3.1733340907293036e-07,
        -2.461565841683177e-07,
        1.00000000404144,
        7.996294117877766e-07,
        6.682881927346917e-08
      ]
    ],
    "Dyw": [
      [
        0.0013564704097109117,
        -6.438196004101074e-05,
        0.0,
        0.0001
      ],
      [
        0.006123550848315903,
        -0.0002906412135459599,
        0.0,
        0.0
      ],
      [
        -0.00017819398632366016,
        8.45759555987216e-06,
        0.0,
        0.0
      ]
    ]
  },
  "plant_dims": {
    "nx": 7,
    "nu": 1,
    "nw": 4,
    "ny": 3,
    "nz": 8
  },
  "initial_conds": {
    "X": [
      [
        0.07
      ],
      [
        0.0
      ],
      [
        0.0
      ],
      [
        0.0
      ],
      [
        0.0
      ],
      [
        0.0
      ],
      [
        0.0
      ]
    ],
    "Xc": [
      [
        0.0
      ],
      [
        0.0
      ],
      [
        0.0
      ],
      [
        0.0
      ],
      [
        0.0
      ],
      [
        0.0
      ],
      [
        0.0
      ]
    ]
  },
  "composite_closed_loop": {
    "Acl": [
      [
        1.0000211087714292,
        0.03912634162475689,
        0.0027290254584161795,
        0.008969148492339424,
        -0.00020971206312732487,
        -0.002141242675681142,
        -0.00047226824366711895,
        -5.1525387951199e-07,
        -2.5196232296347143e-09,
        6.101929430229064e-10,
        2.0279248627172637e-08,
        -8.341107946766364e-07,
        -3.3349337622850786e-10,
        9.94996965427322e-10
      ],
      [
        0.0001420395649743028,
        0.9590433872009368,
        0.04892927065771359,
        0.001705817254789877,
        -4.00765076825433e-05,
        -0.0014042098138689562,
        -0.00010558596319219522,
        -9.807771736529016e-08,
        -4.796060831549403e-10,
        1.1614920990168419e-10,
        3.860121183599946e-09,
        -1.5877159983562833e-07,
        -6.347990844419222e-11,
        1.8939601434331638e-10
      ],
      [
        0.005962088617296234,
        -1.6172883220985241,
        0.9416262117494113,
        0.06707149677368658,
        -0.0015638498330759404,
        -0.05359571792092843,
        -0.004294960613568842,
        -3.4655164417047385e-06,
        -1.69465890047648e-08,
        4.104061630085946e-09,
        1.3639503230804816e-07,
        -5.6100978335050535e-06,
        -2.2430239236900776e-09,
        6.692192878587469e-09
      ],
      [
        2.1485491257751114e-06,
        0.0002997309893961163,
        2.09476981398628e-05,
        0.020530229071097073,
        0.03086730126120369,
        -1.678600499470926e-05,
        -3.5646604130323658e-06,
        -3.9629504802064576e-09,
        -1.9379072113493677e-11,
        4.693151304094058e-12,
        1.559729315602559e-10,
        -6.415361253446411e-09,
        -2.5649835702783564e-12,
        7.652778288013678e-12
      ],
      [
        6.590783662086959e-05,
        0.009316725478613406,
        0.0006502349381717707,
        -30.432968805656927,
        -0.018359157734840405,
        -0.000515277912143378,
        -0.00011409873973835882,
        -1.213075821574593e-07,
        -5.932015538131306e-10,
        1.4365933670943014e-10,
        4.7743970821961445e-09,
        -1.963769081166233e-07,
        -7.851522665704997e-11,
        2.342547643587201e-10
      ],
      [
        -8.522160598428431e-05,
        0.00024865685752433863,
        -7.201704384019054e-05,
        6.248257981205936e-05,
        -1.2517815447340246e-05,
        0.9014327549270033,
        0.03445201297644248,
        -2.599538724581834e-05,
        -1.2711904591567408e-07,
        3.0785215753386487e-08,
        1.0231207218019897e-06,
        -4.208223164486017e-05,
        -1.6825277409238247e-08,
        5.019919781913154e-08
      ],
      [
        0.002543675870717882,
        -0.007097247996677108,
        0.0015888639549173499,
        -0.0017832765073126113,
        -0.00016059369510562226,
        -3.442159228864187,
        0.419904938805283,
        -0.0009089618193221977,
        -4.444879322372859e-06,
        1.0764442727786594e-06,
        3.577471894845399e-05,
        -0.001471458819802863,
        -5.883172510523771e-07,
        1.7552788787761829e-06
      ],
      [
        4.5128075559713015,
        -1.4954517046603684e-05,
        -1.986877921322092,
        -8.010551842820453e-06,
        -0.00034268796945410916,
        2.7130689764862695e-05,
        2.26686906482069e-06,
        0.9874711281145321,
        -0.0076959410662566724,
        -0.0004435469304789512,
        0.0010914946188132564,
        -0.10059976172440967,
        -5.3910671978932145e-05,
        0.0008405813481016281
      ],
      [
        -137.15038076842882,
        -0.006478493533232744,
        -396.9316288324691,
        -0.003467809847735897,
        0.8032407939143467,
        0.011743810213385905,
        0.0009813751586073979,
        -0.0047870299757100995,
        0.5804453481405514,
        0.15395460792931784,
        -0.016625565423177197,
        0.005919604957694219,
        1.5693044932844072e-06,
        0.01363218562938498
      ],
      [
        891.7408470977542,
        0.0037349381157103043,
        48.69893589620321,
        0.0019982719779794364,
        -0.020461128448478333,
        -0.006766747883966354,
        -0.0005655184752397929,
        0.0006526254490869527,
        -0.07138917229467208,
        0.5583691981482306,
        0.1150216219994709,
        -0.004419850321533796,
        -0.00046569641219983013,
        -0.008696185299326364
      ],
      [
        51.01306462778447,
        -0.014168171446185117,
        -945.8470402197496,
        -0.007584366646125183,
        2.5443796331450432,
        0.02568478596858098,
        0.002146334222003171,
        -0.007268749334961656,
        -0.5543614478556108,
        0.0694739390139446,
        0.021665904256820728,
        0.01650744757333884,
        0.00011459488216832089,
        0.05354825682194029
      ],
      [
        -4.191878492127413,
        2.3734886465011876e-05,
        2.4899874390140098,
        1.2712151550366372e-05,
        -0.17022534122320365,
        -4.3046918147907225e-05,
        -3.596923849643984e-06,
        0.03114960241592625,
        0.0003017238602672853,
        0.002042859224656967,
        0.005171560028072765,
        0.0368341547829383,
        1.5934956094455577e-06,
        -0.004737059289638563
      ],
      [
        5.047290657266867,
        7.803892476304317e-05,
        18.98205798235678,
        3.6294059349439414e-05,
        515.1804467983966,
        -0.0001404210591663282,
        -1.1730353911097063e-05,
        0.00011086937694088206,
        0.006792794244177355,
        -0.00324206571243509,
        0.011667992366557507,
        -0.001330021747069874,
        0.056404596307180116,
        12.42583286789237
      ],
      [
        -0.1645646880671105,
        -1.4971644878388419e-05,
        -1.017612224662137,
        -7.989848356393586e-06,
        -2.290390002591032,
        2.7135791583819665e-05,
        2.2675822467254146e-06,
        -4.323972660065581e-06,
        -0.00036765965335071603,
        0.00013286386769117777,
        -0.0010229970122103632,
        1.2231175964597121e-05,
        -0.051083365939091095,
        -0.05486387807413336
      ]
    ],
    "Bcl": [
      [
        -0.004535143403327366,
        -0.1324389459334282,
        0.0001,
        3.477387680681823e-12
      ],
      [
        0.0024170871020148107,
        -0.025235741990043987,
        0.0,
        6.619149504288544e-13
      ],
      [
        -0.047285742142508344,
        -0.9892318894157809,
        0.0,
        2.3388361855709116e-11
      ],
      [
        -5.0849391364794265e-05,
        -0.0010144978282138695,
        0.0,
        2.6745485530500254e-14
      ],
      [
        -0.001242398779596675,
        -0.03153882283162822,
        0.0,
        8.186905689427829e-13
      ],
      [
        0.034976497124104236,
        -0.001660085200933564,
        0.0,
        1.754398034785851e-10
      ],
      [
        -0.9982562894617328,
        0.047380116053032384,
        0.0,
        6.1344761454583e-09
      ],
      [
        -0.0060452830672144305,
        0.0002869264010981494,
        0.0,
        0.0004512792774668685
      ],
      [
        -2.6168518141592836,
        0.12420326143735201,
        0.0,
        -0.013715678986505537
      ],
      [
        1.5078555763758956,
        -0.07156713244202449,
        0.0,
        0.08917445442182412
      ],
      [
        -5.723279567287909,
        0.27164319528048253,
        0.0,
        0.005099904916959216
      ],
      [
        0.009591875220680694,
        -0.0004552577945947427,
        0.0,
        -0.00041918550239591266
      ],
      [
        0.031282485940801914,
        -0.00148475612997715,
        0.0,
        0.0005047367302512352
      ],
      [
        -0.006046579649255627,
        0.000286987940578537,
        0.0,
        -1.6457949640425228e-05
      ]
    ],
    "Ccl": [
      [
        0.9999966219175319,
        9.646119349775389e-06,
        -2.5088404241266498e-06,
        2.423760142999134e-06,
        -1.6979449473087104e-07,
        -9.35434976898933e-06,
        -1.4926302562574059e-06,
        -1.7564892918739375e-09,
        -8.589340902395315e-12,
        2.0801344987676856e-12,
        6.913151841693043e-11,
        -2.843465595006508e-09,
        -1.1368716812206542e-12,
        3.391923059124651e-12
      ],
      [
        -8.629129611418266e-06,
        1.0000242410271971,
        -6.4217336397565466e-06,
        6.168276173595898e-06,
        -4.3301593210891606e-07,
        -2.3927178459987646e-05,
        -3.814729938119704e-06,
        -4.487386877765537e-09,
        -2.1943598422363623e-11,
        5.31421870713427e-12,
        1.7661358370888635e-10,
        -7.264337025816461e-09,
        -2.9044202476008874e-12,
        8.665507439369402e-12
      ],
      [
        -1.5226787679530663e-05,
        4.3534238349034866e-05,
        0.9999886621520239,
        1.0941085589130766e-05,
        -7.665771273911729e-07,
        -4.2229128609580354e-05,
        -6.73790576969194e-06,
        -7.929206101791843e-09,
        -3.877430657205006e-11,
        9.390216744549445e-12,
        3.120759461464459e-10,
        -1.2836072984029852e-08,
        -5.132106363183071e-12,
        1.5311939071672914e-11
      ],
      [
        1.3256732337457248e-08,
        -6.923884385696117e-08,
        1.1142443112970535e-08,
        0.9999894443291047,
        -9.401016213569752e-09,
        3.714625352757302e-08,
        6.2776622765277574e-09,
        7.367473514565563e-12,
        3.602739959687375e-14,
        -8.724981072930406e-15,
        -2.899673987850251e-13,
        1.1926720850338307e-11,
        4.7685300671072504e-15,
        -1.4227187957909043e-14
      ],
      [
        4.4307107417906826e-07,
        -1.2654765367653697e-06,
        3.293934328828427e-07,
        -3.2837921381394883e-07,
        1.0000000109393947,
        1.2286770918276717e-06,
        1.9603920274911635e-07,
        2.3067545498985015e-10,
        1.1280171930960851e-12,
        -2.7317899070787924e-13,
        -9.078873716304522e-12,
        3.7342540197118733e-10,
        1.493025853011985e-13,
        -4.454529831601718e-13
      ],
      [
        -0.0001983608861307783,
        0.0005671645544541769,
        -0.00014753725397253532,
        0.00014251180118361322,
        -9.984287350566825e-06,
        0.9994498719832768,
        -8.77805028317858e-05,
        -1.032975866208017e-07,
        -5.051315655526657e-10,
        1.2233087589172407e-10,
        4.065563647292041e-09,
        -1.6722170465957765e-07,
        -6.68584212331511e-11,
        1.9947600456887373e-10
      ],
      [
        0.0018014249543405342,
        -0.005150642782699565,
        0.001339860266448361,
        -0.0012942126145411607,
        9.067140537762993e-05,
        0.00499590055718034,
        1.0007971640876758,
        9.380677116366195e-07,
        4.587208929796917e-09,
        -1.1109131255070776e-09,
        -3.692026224318651e-08,
        1.518576444596196e-06,
        6.071557745105086e-10,
        -1.8114847137644284e-09
      ],
      [
        0.0003203997925912486,
        -0.0008651880037358623,
        0.00015043708622575113,
        -0.00021739362261068184,
        -6.75556836914759e-05,
        0.0008391830520442894,
        0.00013390505255745969,
        -0.0002637574748274861,
        -1.2897903091861393e-06,
        3.123565997440078e-07,
        1.0380908561751745e-05,
        -0.0004269797194707737,
        -1.7071462105056726e-07,
        5.093370423735256e-07
      ]
    ],
    "Dcl": [
      [
        0.0013564704228327883,
        -6.438196932032804e-05,
        0.0,
        1.1854339128114876e-14
      ],
      [
        0.0034711272344551836,
        -0.00016474963447083658,
        0.0,
        3.028484494279686e-14
      ],
      [
        0.006123550907551184,
        -0.0002906412554348609,
        0.0,
        5.3513277070466913e-14
      ],
      [
        -5.134855552906513e-06,
        2.437224642886494e-07,
        0.0,
        -4.972221007159586e-17
      ],
      [
        -0.00017819398804691262,
        8.457596778523817e-06,
        0.0,
        -1.5568014474284291e-15
      ],
      [
        0.07977260564596231,
        -0.0037862362220461927,
        0.0,
        6.971432325741095e-13
      ],
      [
        -0.7244594442997527,
        0.034384919073259655,
        0.0,
        -6.3309083808939325e-12
      ],
      [
        -0.12168862569364586,
        0.0057756905228598145,
        0.0,
        1.780068098704152e-09
      ]
    ]
  },
  "Acl_eigenvals": {
    "cartesian": [
      {
        "re": 0.0010850108197143216,
        "im": 0.9690238221341487,
        "abs": 0.9690244295743803
      },
      {
        "re": 0.0010850108197143216,
        "im": -0.9690238221341487,
        "abs": 0.9690244295743803
      },
      {
        "re": 0.0007970828698083895,
        "im": 0.7948091932791151,
        "abs": 0.79480959296054
      },
      {
        "re": 0.0007970828698083895,
        "im": -0.7948091932791151,
        "abs": 0.79480959296054
      },
      {
        "re": -0.031890828172388336,
        "im": 0.0,
        "abs": 0.031890828172388336
      },
      {
        "re": 0.04011524126757482,
        "im": 0.0,
        "abs": 0.04011524126757482
      },
      {
        "re": 0.9502735837135828,
        "im": 0.2811178528903724,
        "abs": 0.990982911617324
      },
      {
        "re": 0.9502735837135828,
        "im": -0.2811178528903724,
        "abs": 0.990982911617324
      },
      {
        "re": 1.0001765437967303,
        "im": 0.0,
        "abs": 1.0001765437967303
      },
      {
        "re": 0.9842246905673516,
        "im": 0.0,
        "abs": 0.9842246905673516
      },
      {
        "re": 0.5962650444318145,
        "im": 0.1593905783169202,
        "abs": 0.6172012310968571
      },
      {
        "re": 0.5962650444318145,
        "im": -0.1593905783169202,
        "abs": 0.6172012310968571
      },
      {
        "re": 0.6605294166686677,
        "im": 0.2457572634102061,
        "abs": 0.7047664455715268
      },
      {
        "re": 0.6605294166686677,
        "im": -0.2457572634102061,
        "abs": 0.7047664455715268
      }
    ],
    "polar": [
      {
        "abs": 0.9690244295743803,
        "ang_rad": 1.5696766325815044
      },
      {
        "abs": 0.9690244295743803,
        "ang_rad": -1.5696766325815044
      },
      {
        "abs": 0.79480959296054,
        "ang_rad": 1.5697934664740396
      },
      {
        "abs": 0.79480959296054,
        "ang_rad": -1.5697934664740396
      },
      {
        "abs": 0.031890828172388336,
        "ang_rad": 3.141592653589793
      },
      {
        "abs": 0.04011524126757482,
        "ang_rad": 0.0
      },
      {
        "abs": 0.990982911617324,
        "ang_rad": 0.28762519910662926
      },
      {
        "abs": 0.990982911617324,
        "ang_rad": -0.28762519910662926
      },
      {
        "abs": 1.0001765437967303,
        "ang_rad": 0.0
      },
      {
        "abs": 0.9842246905673516,
        "ang_rad": 0.0
      },
      {
        "abs": 0.6172012310968571,
        "ang_rad": 0.2612075656067914
      },
      {
        "abs": 0.6172012310968571,
        "ang_rad": -0.2612075656067914
      },
      {
        "abs": 0.7047664455715268,
        "ang_rad": 0.356191563749365
      },
      {
        "abs": 0.7047664455715268,
        "ang_rad": -0.356191563749365
      }
    ]
  },
  "disturbance": {
    "Sigma_nom": [
      [
        1.0,
        0.0,
        0.0,
        0.0
      ],
      [
        0.0,
        1.0,
        0.0,
        0.0
      ],
      [
        0.0,
        0.0,
        1.0,
        0.0
      ],
      [
        0.0,
        0.0,
        0.0,
        1.0
      ]
    ]
  },
  "dro_variables": {
    "Q": [
      [
        691684.2096763403,
        8015.458921267511,
        5.965835023961259,
        -4.5116353874819755
      ],
      [
        8015.458921267511,
        862662.3258088054,
        56.427281054288315,
        -41.35626246911022
      ],
      [
        5.965835023961259,
        56.427281054288315,
        0.016249781785396662,
        -0.009389701968581557
      ],
      [
        -4.5116353874819755,
        -41.35626246911022,
        -0.009389701968581557,
        0.005569372012835353
      ]
    ],
    "X": [
      [
        678420.6567552671,
        -56617.142290290794,
        -48854.92698559925,
        -149.20633997440265,
        78.42320575025742,
        -1123.517410872309,
        367.4515707252853
      ],
      [
        -56617.142290290794,
        1238221.1162100865,
        271117.3308229437,
        -885.5413379264198,
        577.7052119020394,
        -1217.8644222818289,
        -1149.4372440966245
      ],
      [
        -48854.92698559925,
        271117.3308229437,
        152708.87077387393,
        -582.0678909430576,
        298.4023029901735,
        9747.810546071614,
        -119.93131724591225
      ],
      [
        -149.20633997440265,
        -885.5413379264198,
        -582.0678909430576,
        2702767.333849459,
        1818.8971400642451,
        17.452961370079628,
        6.312798417992262
      ],
      [
        78.42320575025742,
        577.7052119020394,
        298.4023029901735,
        1818.8971400642451,
        1464.4596201524794,
        22.024933882695983,
        -1.1057285358733955
      ],
      [
        -1123.517410872309,
        -1217.8644222818289,
        9747.810546071614,
        17.452961370079628,
        22.024933882695983,
        1754966.649692656,
        26703.867412989603
      ],
      [
        367.4515707252853,
        -1149.4372440966245,
        -119.93131724591225,
        6.312798417992262,
        -1.1057285358733955,
        26703.867412989603,
        18388.946485091517
      ]
    ],
    "Y": [
      [
        -0.17173400896894545,
        0.0006700668872898406,
        0.0004066953115730729,
        1.6316297348552907e-06,
        -9.074717790569072e-06,
        -3.741362534421375e-05,
        3.80547071685201e-05
      ],
      [
        0.0006700668872898406,
        -0.1259669394256127,
        -0.031820603187707824,
        -5.1362837697486147e-05,
        5.5880405253403474e-05,
        0.0010712394630668313,
        9.057721753223366e-05
      ],
      [
        0.0004066953115730729,
        -0.031820603187707824,
        -0.1830826156569266,
        -4.727649015537892e-06,
        -4.829777397430244e-05,
        -0.0007463385649031978,
        -0.0001383799054014915
      ],
      [
        1.6316297348552907e-06,
        -5.1362837697486147e-05,
        -4.727649015537892e-06,
        -0.0010421920583553363,
        0.00012257387839552055,
        5.931368191942654e-07,
        7.79108816125828e-07
      ],
      [
        -9.074717790569072e-06,
        5.5880405253403474e-05,
        -4.829777397430244e-05,
        0.00012257387839552055,
        -0.2040948227648319,
        5.731009911850564e-08,
        3.978313910860159e-06
      ],
      [
        -3.741362534421375e-05,
        0.0010712394630668313,
        -0.0007463385649031978,
        5.931368191942654e-07,
        5.731009911850564e-08,
        -0.14908221686550865,
        -0.0026131606167047457
      ],
      [
        3.80547071685201e-05,
        9.057721753223366e-05,
        -0.0001383799054014915,
        7.79108816125828e-07,
        3.978313910860159e-06,
        -0.0026131606167047457,
        -0.20575467424773744
      ]
    ],
    "K": [
      [
        0.46330963170046446,
        -0.27457186712606835,
        0.27179934879969936,
        0.0019692086533241423,
        0.0652236104044678,
        -0.007921879049121762,
        0.003073249060342256
      ],
      [
        0.059079687837351076,
        0.5587234523695758,
        0.03610347995488611,
        -0.00017787958828041357,
        0.21957934902506343,
        0.005719882755959964,
        0.04961589667010731
      ],
      [
        0.03175248968459579,
        -0.4522134065018343,
        0.34054949487572067,
        0.0019568722522852232,
        0.05599164822798959,
        -0.010984712079178383,
        0.009787570942173272
      ],
      [
        0.014906086720018828,
        -0.05011720545239865,
        0.0841721848606955,
        0.05510448307918985,
        -22.794798754495034,
        -0.0010154516689991882,
        -0.0030053073772691075
      ],
      [
        0.00020080165361484957,
        -0.0008230161731786196,
        0.0008606919262603083,
        -0.31095981345223606,
        -0.0163839846589027,
        -2.4960388375374566e-05,
        -2.9870210114119744e-05
      ],
      [
        -0.005454572265333403,
        0.038740902890908945,
        -0.029973650474706615,
        3.454040802636099e-05,
        0.022609179997101186,
        -0.07282787485411585,
        -1.428037718445594
      ],
      [
        -0.0013748112236411903,
        0.0067273684076266565,
        -0.0050101938360836065,
        2.7599718428366915e-05,
        0.0015279458426717112,
        -0.15090915844755762,
        -0.3386222734939199
      ]
    ],
    "L": [
      [
        -287455.3108116417,
        6621.811182136341,
        -55.47934020573896
      ],
      [
        -110701.9162940435,
        -141537.01805637983,
        321.91468070802114
      ],
      [
        -8561.475913795623,
        -150412.78619251968,
        129.05962349541363
      ],
      [
        -223.86228241150295,
        25.017956720551798,
        -27348.41921814744
      ],
      [
        -94.8765994036817,
        -290.22691238364064,
        -19.02010041758194
      ],
      [
        1128.589716910176,
        -1683.9782883496284,
        -19.668770646985386
      ],
      [
        237.24865407319703,
        -112.16321838539595,
        -7.094415349263906
      ]
    ],
    "M": [
      [
        0.00010837825261572727,
        0.0005647958075390006,
        -0.0005108162438410012,
        -1.3963887827681181e-06,
        6.677073551606046e-06,
        -0.1359888771680955,
        0.02072484208293144
      ]
    ],
    "N": [
      [
        1.78113156081445e-05,
        -7.462175138140514e-05,
        -8.27861260777331e-05
      ]
    ],
    "Pbar": [
      [
        -0.17173400896894545,
        0.0006700668872898406,
        0.0004066953115730729,
        1.6316297348552907e-06,
        -9.074717790569072e-06,
        -3.741362534421375e-05,
        3.80547071685201e-05,
        1.0,
        0.0,
        0.0,
        0.0,
        0.0,
        0.0,
        0.0
      ],
      [
        0.0006700668872898406,
        -0.1259669394256127,
        -0.031820603187707824,
        -5.1362837697486147e-05,
        5.5880405253403474e-05,
        0.0010712394630668313,
        9.057721753223366e-05,
        0.0,
        1.0,
        0.0,
        0.0,
        0.0,
        0.0,
        0.0
      ],
      [
        0.0004066953115730729,
        -0.031820603187707824,
        -0.1830826156569266,
        -4.727649015537892e-06,
        -4.829777397430244e-05,
        -0.0007463385649031978,
        -0.0001383799054014915,
        0.0,
        0.0,
        1.0,
        0.0,
        0.0,
        0.0,
        0.0
      ],
      [
        1.6316297348552907e-06,
        -5.1362837697486147e-05,
        -4.727649015537892e-06,
        -0.0010421920583553363,
        0.00012257387839552055,
        5.931368191942654e-07,
        7.79108816125828e-07,
        0.0,
        0.0,
        0.0,
        1.0,
        0.0,
        0.0,
        0.0
      ],
      [
        -9.074717790569072e-06,
        5.5880405253403474e-05,
        -4.829777397430244e-05,
        0.00012257387839552055,
        -0.2040948227648319,
        5.731009911850564e-08,
        3.978313910860159e-06,
        0.0,
        0.0,
        0.0,
        0.0,
        1.0,
        0.0,
        0.0
      ],
      [
        -3.741362534421375e-05,
        0.0010712394630668313,
        -0.0007463385649031978,
        5.931368191942654e-07,
        5.731009911850564e-08,
        -0.14908221686550865,
        -0.0026131606167047457,
        0.0,
        0.0,
        0.0,
        0.0,
        0.0,
        1.0,
        0.0
      ],
      [
        3.80547071685201e-05,
        9.057721753223366e-05,
        -0.0001383799054014915,
        7.79108816125828e-07,
        3.978313910860159e-06,
        -0.0026131606167047457,
        -0.20575467424773744,
        0.0,
        0.0,
        0.0,
        0.0,
        0.0,
        0.0,
        1.0
      ],
      [
        1.0,
        0.0,
        0.0,
        0.0,
        0.0,
        0.0,
        0.0,
        678420.6567552671,
        -56617.142290290794,
        -48854.92698559925,
        -149.20633997440265,
        78.42320575025742,
        -1123.517410872309,
        367.4515707252853
      ],
      [
        0.0,
        1.0,
        0.0,
        0.0,
        0.0,
        0.0,
        0.0,
        -56617.142290290794,
        1238221.1162100865,
        271117.3308229437,
        -885.5413379264198,
        577.7052119020394,
        -1217.8644222818289,
        -1149.4372440966245
      ],
      [
        0.0,
        0.0,
        1.0,
        0.0,
        0.0,
        0.0,
        0.0,
        -48854.92698559925,
        271117.3308229437,
        152708.87077387393,
        -582.0678909430576,
        298.4023029901735,
        9747.810546071614,
        -119.93131724591225
      ],
      [
        0.0,
        0.0,
        0.0,
        1.0,
        0.0,
        0.0,
        0.0,
        -149.20633997440265,
        -885.5413379264198,
        -582.0678909430576,
        2702767.333849459,
        1818.8971400642451,
        17.452961370079628,
        6.312798417992262
      ],
      [
        0.0,
        0.0,
        0.0,
        0.0,
        1.0,
        0.0,
        0.0,
        78.42320575025742,
        577.7052119020394,
        298.4023029901735,
        1818.8971400642451,
        1464.4596201524794,
        22.024933882695983,
        -1.1057285358733955
      ],
      [
        0.0,
        0.0,
        0.0,
        0.0,
        0.0,
        1.0,
        0.0,
        -1123.517410872309,
        -1217.8644222818289,
        9747.810546071614,
        17.452961370079628,
        22.024933882695983,
        1754966.649692656,
        26703.867412989603
      ],
      [
        0.0,
        0.0,
        0.0,
        0.0,
        0.0,
        0.0,
        1.0,
        367.4515707252853,
        -1149.4372440966245,
        -119.93131724591225,
        6.312798417992262,
        -1.1057285358733955,
        26703.867412989603,
        18388.946485091517
      ]
    ],
    "Abar": [
      [
        -0.17170989954525032,
        -0.00434709034093967,
        -0.0013373567309426194,
        -9.76850177943017e-06,
        3.6858238118154614e-05,
        5.742532519509264e-05,
        0.00018445681317162132,
        1.0000204619253874,
        0.03912629273365707,
        0.0027290702144348775,
        0.008969148186089468,
        -0.00020971199675458624,
        -0.002141241690932302,
        -0.000472268254150272
      ],
      [
        0.0006382130061172898,
        -0.1223659192807701,
        -0.03947444075221671,
        -5.127437014711767e-05,
        5.9611342950012575e-05,
        0.0011499220710131347,
        0.00011319895735040229,
        0.0001420918638147107,
        0.9590426748309906,
        0.04892896950531814,
        0.0017058151647690927,
        -4.0076031300765454e-05,
        -0.0014041971373160073,
        -0.00010558425281768031
      ],
      [
        -0.0017212085968544252,
        0.17371179711156984,
        -0.12089638120266806,
        8.480157547589102e-06,
        0.0001913331490263675,
        0.0037802382639361438,
        0.0010193852204143277,
        0.005962134314849629,
        -1.6172883327180068,
        0.9416260620638925,
        0.0670714956535644,
        -0.0015638495824624378,
        -0.053595718625855576,
        -0.004294960254925355
      ],
      [
        -4.040916593232618e-07,
        -3.776070780375654e-05,
        -1.4954704271179252e-05,
        -1.7628450596519425e-05,
        -0.006297308126155927,
        7.890818135341557e-07,
        1.2516442849106863e-06,
        2.148689217699261e-06,
        0.0002997301182673723,
        2.0948207496394493e-05,
        0.020530228983253126,
        0.030867221714623524,
        -1.678598635292134e-05,
        -3.564656668198208e-06
      ],
      [
        -5.423388811025364e-05,
        0.00036754782948002224,
        -0.0002705612940208237,
        0.031714265472133366,
        1.7205474393486698e-05,
        6.050836695287257e-06,
        1.1321724279445716e-05,
        6.59077599481189e-05,
        0.00931672539399442,
        0.0006502346420452025,
        -30.432968763201803,
