{
  "prob": "DDD",
  "meta": {
    "model": "independent",
    "disturbance_type": "2W_independent",
    "gamma": 0.5,
    "objective": 2995.4356763501305,
    "spectral_radius_Acl": 0.9990861070141019,
    "Z_cost": 19.105335702785116,
    "lambda_opt": 0.31683900221818534,
    "trace_Q_Sigma": 52.67586200795125,
    "real_Z_mats": false,
    "N_sims": 71,
    "SNR": 6.347931180232771
  },
  "solver_performance": {
    "solver": "SCS",
    "status": "optimal_inaccurate",
    "num_violations": 7,
    "tot_constraints:": 17,
    "Time_seconds": 23.89246479999997,
    "attempt": 1,
    "Total_time": 23.89246479999997,
    "stress": 1.0208500966380007
  },
  "problem_params": {
    "Methodology": "Young",
    "FROM_DATA": true,
    "augmented": false,
    "reg_fro": false,
    "non_convex": false,
    "N_sims": 71
  },
  "controller": {
    "Ac": [
      [
        0.8403779290154096,
        0.01810036423844268,
        0.01785541384864432,
        -0.4267826304343964,
        -0.2745255734509335,
        -0.07110481467249914,
        1.500876045655713
      ],
      [
        0.18746311286930212,
        0.6797241433194305,
        0.08619398795337892,
        -3.6931753270536443,
        -3.2812154032704597,
        -1.0169136909379217,
        13.076387818464672
      ],
      [
        0.1748985815055801,
        0.24716658645283668,
        0.3770201734983283,
        16.26044665625552,
        13.71680067812375,
        4.170200197743569,
        -54.217777383174706
      ],
      [
        -0.01930003249542894,
        0.05274988931253885,
        -0.034749900698485804,
        -0.21096637907232274,
        -1.0023710569576854,
        -0.32553153294349657,
        1.9909971983963102
      ],
      [
        0.2655248955259844,
        -0.3576911335086092,
        -0.08120334745849014,
        -0.04794537985306129,
        0.4249177831063145,
        0.3166542728551134,
        -0.852902552152148
      ],
      [
        0.0038631177522586565,
        -0.06740233858058563,
        -0.008200216441958497,
        0.3431354144802575,
        0.2504867128579618,
        0.04080058622040797,
        -1.002050281516528
      ],
      [
        -0.2913270582914426,
        0.4314317499443672,
        0.08324497282140142,
        0.009462450826948392,
        0.3023086856845358,
        0.4431453943767215,
        -0.6388471192232009
      ]
    ],
    "Bc": [
      [
        6.702492651995227,
        2.1153276709101836,
        -0.9781127304703803
      ],
      [
        -11.3226784890391,
        0.5591241374934783,
        -7.904178179062863
      ],
      [
        -5.521516463695484,
        0.17924829424610184,
        34.66058840591145
      ],
      [
        1.493874210812995,
        -0.3657862148247367,
        -0.5347799084300807
      ],
      [
        -15.35205924111273,
        -1.5012398577120714,
        -0.09884720614685306
      ],
      [
        -1.1174746407608023,
        0.6414013746647576,
        0.7323068115058498
      ],
      [
        17.378087546872315,
        0.9634843434170152,
        0.046673030174752966
      ]
    ],
    "Cc": [
      [
        0.004153684677767,
        -0.004505600650970734,
        -0.0021086860884111827,
        0.01325620616983782,
        -0.18193138800234013,
        -0.05489961940395876,
        0.9999299464775998
      ]
    ],
    "Dc": [
      [
        -0.2478573802411414,
        -0.012509230223949832,
        -0.004217860779914226
      ]
    ]
  },
  "plant": {
    "A": [
      [
        0.9991275835541318,
        -0.0014310206936168338,
        0.0005784248750768846,
        -0.0005464862657528264,
        -0.0004969327694800171,
        -0.0008818521118553914,
        7.398995261374009e-05
      ],
      [
        0.0007879005087298194,
        0.9525728109944285,
        0.04824145129625095,
        0.00022235719598648834,
        0.0001720242459247379,
        -0.001343645615568275,
        -5.5845892080947935e-05
      ],
      [
        0.01981352586357371,
        -1.8873339980403483,
        0.9136477473521122,
        0.007603404191567462,
        0.0068543555177241694,
        -0.051199333146070294,
        -0.002313696453072197
      ],
      [
        2.824122133009874e-07,
        1.4907820708874043e-05,
        -2.699679293148568e-05,
        0.02047831893008586,
        0.03143590304736461,
        -5.4023247871827136e-05,
        2.5350586300282093e-06
      ],
      [
        0.0005784426080451136,
        0.0007927256586386406,
        -0.00025291179617514397,
        -30.43518133855439,
        -0.01809092996406264,
        -0.0004712919325400861,
        -5.710821683526862e-05
      ],
      [
        0.00045203496123271493,
        0.0005487797053655145,
        -7.263205845350174e-05,
        2.529167862281388e-05,
        -2.497849342132001e-06,
        0.901424632462313,
        0.034449352004159425
      ],
      [
        -0.013102841288189247,
        -0.015223150231415924,
        0.002067699225101188,
        -0.004448488753273893,
        6.425837005557262e-05,
        -3.441851496108182,
        0.4199860838011191
      ]
    ],
    "Bw": [
      [
        -0.07213505753784916,
        0.0014498236783152395,
        0.0001,
        0.0
      ],
      [
        0.02522044677626789,
        -0.004743148282652593,
        0.0,
        0.0
      ],
      [
        0.9965437353028204,
        -0.006906920719618762,
        0.0,
        0.0
      ],
      [
        0.0010224126316407285,
        -2.6150223461754213e-05,
        0.0,
        0.0
      ],
      [
        0.03173155084391026,
        -0.005671468290256988,
        0.0,
        0.0
      ],
      [
        -0.0002551850166980593,
        -0.03501436814818862,
        0.0,
        0.0
      ],
      [
        0.007283158736237994,
        0.9993345399757909,
        0.0,
        0.0
      ]
    ],
    "Bu": [
      [
        -0.00032929414322044163
      ],
      [
        0.00010058562931848337
      ],
      [
        0.002154763872206422
      ],
      [
        3.874995430599005e-06
      ],
      [
        0.0001381912713956143
      ],
      [
        0.09851751510970587
      ],
      [
        3.4436190442483645
      ]
    ],
    "Cz": [
      [
        0.999999183545345,
        -8.542308402760681e-07,
        1.1636331816164791e-07,
        -2.463579472981582e-07,
        3.3978611630419673e-09,
        4.0363697729363506e-07,
        6.613681156333996e-08
      ],
      [
        5.994250145113358e-05,
        1.00006916900918,
        -9.460483248719177e-06,
        2.036537026179693e-05,
        -2.9101195349692284e-07,
        -3.288840563670254e-05,
        -5.390904295447387e-06
      ],
      [
        3.0699157924576584e-06,
        3.565096043655346e-06,
        0.9999995038952313,
        1.0484604615080303e-06,
        -1.5173768917272965e-08,
        -1.6857714934930916e-06,
        -2.7616634485401593e-07
      ],
      [
        -2.1987067892485175e-06,
        -2.5993428428022126e-06,
        3.5110372923450837e-07,
        0.9999887593186918,
        9.006119060809107e-10,
        1.2111888884550243e-06,
        1.9895647865317668e-07
      ],
      [
        4.889554219240362e-06,
        5.6829037814170565e-06,
        -7.718056098984004e-07,
        1.6547067883217339e-06,
        0.99999996483942,
        -2.684062560520958e-06,
        -4.4022322414862083e-07
      ],
      [
        0.0010470741965215098,
        0.0012166146242025655,
        -0.00016523103496680712,
        0.00035644448034503244,
        -5.1094322382126264e-06,
        0.9994252663727131,
        -9.426179106144427e-05
      ],
      [
        -0.009509062338470771,
        -0.011048630931519591,
        0.0015005465688669888,
        -0.003237049872753133,
        4.640003679618184e-05,
        0.005219356397991347,
        1.0008560239403748
      ],
      [
        -0.0015972467775105816,
        -0.001855881885577741,
        0.00025204915709197784,
        -0.0005437341799564588,
        7.794110505503223e-06,
        0.0008767155580453552,
        0.00014379168593355867
      ]
    ],
    "Dzw": [
      [
        4.0859932756709405e-07,
        5.606458964279443e-05,
        0.0,
        0.0
      ],
      [
        -3.331889550911224e-05,
        -0.00457174074175833,
        0.0,
        0.0
      ],
      [
        -1.70619940622653e-06,
        -0.0002341104431316035,
        0.0,
        0.0
      ],
      [
        1.2242985610653838e-06,
        0.00016798830507800145,
        0.0,
        0.0
      ],
      [
        -2.7179465745142545e-06,
        -0.0003729339451817148,
        0.0,
        0.0
      ],
      [
        -0.0005820124138203459,
        -0.07985888602863278,
        0.0,
        0.0
      ],
      [
        0.005285578758292622,
        0.7252430044902687,
        0.0,
        0.0
      ],
      [
        0.0008878241709363507,
        0.12181982307765776,
        0.0,
        0.0
      ]
    ],
    "Dzu": [
      [
        -3.0398144562594533e-07
      ],
      [
        2.4783414256791833e-05
      ],
      [
        1.2715117935405344e-06
      ],
      [
        -9.152291336232201e-07
      ],
      [
        2.0244421142353326e-06
      ],
      [
        0.00043347034644279295
      ],
      [
        -0.0039364497863466205
      ],
      [
        0.9993387604167991
      ]
    ],
    "Cy": [
      [
        0.9999991801781927,
        -5.329285374460197e-07,
        1.0791894107842433e-07,
        -2.1078855479749358e-07,
        8.915014901144586e-10,
        2.5340638296167155e-07,
        2.132495126318566e-08
      ],
      [
        3.0840001156235655e-06,
        2.221133531006314e-06,
        0.9999995392168766,
        8.996786770774998e-07,
        -4.69001757232735e-09,
        -1.0573779676339504e-06,
        -8.872461222668578e-08
      ],
      [
        4.911978625523117e-06,
        3.5431089922444957e-06,
        -7.155681228499395e-07,
        1.4178233304414153e-06,
        0.9999999815311635,
        -1.6835635288189802e-06,
        -1.4178718963135162e-07
      ]
    ],
    "Dyw": [
      [
        4.0859944927349673e-07,
        5.6064588898847856e-05,
        0.0,
        0.0001
      ],
      [
        -1.70619991531499e-06,
        -0.00023411044001980102,
        0.0,
        0.0
      ],
      [
        -2.7179473851973838e-06,
        -0.0003729339402272927,
        0.0,
        0.0
      ]
    ]
  },
  "plant_dims": {
    "nx": 7,
    "nu": 1,
    "nw": 4,
    "ny": 3,
    "nz": 8
  },
  "initial_conds": {
    "X": [
      [
        0.07
      ],
      [
        0.0
      ],
      [
        0.0
      ],
      [
        0.0
      ],
      [
        0.0
      ],
      [
        0.0
      ],
      [
        0.0
      ]
    ],
    "Xc": [
      [
        0.0
      ],
      [
        0.0
      ],
      [
        0.0
      ],
      [
        0.0
      ],
      [
        0.0
      ],
      [
        0.0
      ],
      [
        0.0
      ]
    ]
  },
  "composite_closed_loop": {
    "Acl": [
      [
        0.9992092014904129,
        -0.0014310207230429732,
        0.0005825440972420238,
        -0.0005464862772817535,
        -0.0004955438526004804,
        -0.0008818520978667717,
        7.398995379183312e-05,
        -1.3677840371731605e-06,
        1.483667906054872e-06,
        6.943779788042249e-07,
        -4.365191053050277e-06,
        5.990894053713633e-05,
        1.807812313475493e-05,
        -0.0003292710750058033
      ],
      [
        0.0007629696326315445,
        0.952572811003417,
        0.048240193045649436,
        0.00022235719950809482,
        0.0001715999897353233,
        -0.0013436456198412151,
        -5.584589244080623e-05,
        4.178009873037355e-07,
        -4.531986769356596e-07,
        -2.1210351723796986e-07,
        1.3333838399686992e-06,
        -1.8299683155000555e-05,
        -5.5221127670924124e-06,
        0.00010057858294084677
      ],
      [
        0.01927945204524601,
        -1.8873339978477959,
        0.9136207928760434,
        0.007603404267007964,
        0.0068452670235157565,
        -0.051199333237606004,
        -0.0023136964607811477,
        8.950209680189706e-06,
        -9.708505505301476e-06,
        -4.5437206011326935e-06,
        2.8563994137286405e-05,
        -0.0003920191820878114,
        -0.000118295716489533,
        0.0021546129234072332
      ],
      [
        -6.780334449526263e-07,
        1.4907821055148517e-05,
        -2.7045266211063115e-05,
        0.02047831893022153,
        0.03143588670317304,
        -5.402324803643935e-05,
        2.535058616164904e-06,
        1.6095509146496224e-08,
        -1.7459181934615495e-08,
        -8.171148957161021e-09,
        5.1367738335199885e-08,
        -7.049832971916026e-07,
        -2.1273577433196463e-07,
        3.874723973519806e-06
      ],
      [
        0.0005441909014308563,
        0.0007927256709875867,
        -0.0002546404650867575,
        -30.43518133854955,
        -0.01809151283561805,
        -0.00047129193841053714,
        -5.7108217329666046e-05,
        5.740029665971042e-07,
        -6.226346823585532e-07,
        -2.914020115317861e-07,
        1.8318919844922751e-06,
        -2.5141329814812192e-05,
        -7.586648204568398e-06,
        0.00013818159061028808
      ],
      [
        -0.023966244064821545,
        0.000548788509014796,
        -0.0013050121060472167,
        2.5295127822477067e-05,
        -0.00041803102077262247,
        0.9014246282772277,
        0.03444935165170008,
        0.00040921069300286415,
        -0.0004438805802103099,
        -0.00020774251357667526,
        0.0013059684916343736,
        -0.017923428266450304,
        -0.005408574084146608,
        0.09851061361075432
      ],
      [
        -0.8666287405991298,
        -0.015222842505279197,
        -0.0410093860720626,
        -0.004448368188624711,
        -0.014460447628278956,
        -3.441851642395258,
        0.41998607148111977,
        0.014303707660161072,
        -0.015515572207460648,
        -0.007261511572394339,
        0.04564932402093619,
        -0.6265023924713968,
        -0.18905337490145943,
        3.4433778066045106
      ],
      [
        6.702488876347544,
        -2.3390843981048323e-06,
        2.1153281194350924,
        -8.964845881676521e-07,
        -0.9781127163514179,
        1.1084684663159056e-06,
        9.393255700781672e-08,
        0.8403779290154096,
        0.01810036423844268,
        0.01785541384864432,
        -0.4267826304343964,
        -0.2745255734509335,
        -0.07110481467249914,
        1.500876045655713
      ],
      [
        -11.322706307275721,
        -2.072929692562349e-05,
        0.5591283139049814,
        -8.317005130757818e-06,
        -7.904178045798376,
        9.846741562053792e-06,
        8.296475711216092e-07,
        0.18746311286930212,
        0.6797241433194305,
        0.08619398795337892,
        -3.6931753270536443,
        -3.2812154032704597,
        -1.0169136909379217,
        13.076387818464672
      ],
      [
        -5.52134113216472,
        0.0001261469505476772,
        0.17922281376312055,
        5.046772923263714e-05,
        34.66058776000759,
        -5.9942023240198695e-05,
        -5.0480772259296575e-06,
        0.1748985815055801,
        0.24716658645283668,
        0.3770201734983283,
        16.26044665625552,
        13.71680067812375,
        4.170200197743569,
        -54.217777383174706
      ],
      [
        1.4938692311901314,
        -3.503371727654305e-06,
        -0.365785502387844,
        -1.4022050746167148e-06,
        -0.5347798955059831,
        1.6656674945597761e-06,
        1.401359750947217e-07,
        -0.01930003249542894,
        0.05274988931253885,
        -0.034749900698485804,
        -0.21096637907232274,
        -1.0023710569576854,
        -0.32553153294349657,
        1.9909971983963102
      ],
      [
        -15.352051770519035,
        4.496869867146268e-06,
        -1.5012407520121478,
        1.7452570164132879e-06,
        -0.09884721096680256,
        -2.1365163024305175e-06,
        -1.8016972330904636e-07,
        0.2655248955259844,
        -0.3576911335086092,
        -0.08120334745849014,
        -0.04794537985306129,
        0.4249177831063145,
        0.3166542728551134,
        -0.852902552152148
      ],
      [
        -1.1174681494734036,
        4.6148150749633785e-06,
        0.6414004345057384,
        1.8508876871770543e-06,
        0.7323067939765809,
        -2.194263928504196e-06,
        -1.8456990525217422e-07,
        0.0038631177522586565,
        -0.06740233858058563,
        -0.008200216441958497,
        0.3431354144802575,
        0.2504867128579618,
        0.04080058622040797,
        -1.002050281516528
      ],
      [
        17.378076500579926,
        -6.95588376529295e-06,
        0.9634857414867635,
        -2.730101528595071e-06,
        0.04667304028658885,
        3.3063741797730847e-06,
        2.7848445744821057e-07,
        -0.2913270582914426,
        0.4314317499443672,
        0.08324497282140142,
        0.009462450826948392,
        0.3023086856845358,
        0.4431453943767215,
        -0.6388471192232009
      ]
    ],
    "Bcl": [
      [
        -0.0721350575153033,
        0.0014498267718681779,
        0.0001,
        8.161798366736989e-09
      ],
      [
        0.025220446769381073,
        -0.004743149227604016,
        0.0,
        -2.4930890572785833e-09
      ],
      [
        0.9965437351552897,
        -0.006906940962542134,
        0.0,
        -5.340741284033414e-08
      ],
      [
        0.0010224126313754184,
        -2.615025986538831e-05,
        0.0,
        -9.604462158746629e-11
      ],
      [
        0.03173155083444869,
        -0.005671469588494514,
        0.0,
        -3.425172650030955e-09
      ],
      [
        -0.0002551917619182272,
        -0.035015293670718,
        0.0,
        -2.4418293202958764e-06
      ],
      [
        0.007282922961222739,
        0.9993021889059887,
        0.0,
        -8.535263948559029e-05
      ],
      [
        1.7879218516047413e-06,
        0.0002453236378696119,
        0.0,
        0.0006702492651995228
      ],
      [
        1.590272266295394e-05,
        0.0021820382000004063,
        0.0,
        -0.00113226784890391
      ],
      [
        -9.676757763793335e-05,
        -0.013277635252487036,
        0.0,
        -0.0005521516463695485
      ],
      [
        2.68800424235306e-06,
        0.0003688253936068387,
        0.0,
        0.0001493874210812995
      ],
      [
        -3.442766127556028e-06,
        -0.0004723874883707015,
        0.0,
        -0.0015352059241112732
      ],
      [
        -3.5413298774224477e-06,
        -0.00048591157906137557,
        0.0,
        -0.00011174746407608023
      ],
      [
        5.329925255610501e-06,
        0.0007313276335286194,
        0.0,
        0.0017378087546872315
      ]
    ],
    "Ccl": [
      [
        0.999999258889346,
        -8.542308674402332e-07,
        1.201658975102129e-07,
        -2.463579579408617e-07,
        4.680012606024616e-09,
        4.036369902069557e-07,
        6.61368126508735e-08,
        -1.2626430730219515e-09,
        1.369618999295284e-09,
        6.410014455265513e-10,
        -4.029640715022876e-09,
        5.5303766329686116e-08,
        1.6688465670729584e-08,
        -3.039601506549349e-07
      ],
      [
        5.37997528864064e-05,
        1.0000691690113948,
        -9.770505128659091e-06,
        2.0365371129489786e-05,
        -3.955449465746762e-07,
        -3.288840668951737e-05,
        -5.390904384113306e-06,
        1.0294248806118846e-07,
        -1.1166416740867866e-07,
        -5.226044086662831e-08,
        3.285340489805305e-07,
        -4.508880955175123e-06,
        -1.360600010228517e-06,
        2.4781678091326042e-05
      ],
      [
        2.7547623933385545e-06,
        3.565096157279242e-06,
        0.9999994879895747,
        1.0484605060249677e-06,
        -2.0536828749758693e-08,
        -1.6857715475077025e-06,
        -2.761663494030164e-07,
        5.281459054429355e-09,
        -5.728924364693198e-09,
        -2.6812192302896766e-09,
        1.6855422482553585e-08,
        -2.3132790546017436e-07,
        -6.980551353302033e-08,
        1.2714227196606236e-06
      ],
      [
        -1.9718606255719437e-06,
        -2.599342924588241e-06,
        3.6255255761794594e-07,
        0.9999887593186597,
        4.7609210506684315e-09,
        1.2111889273345265e-06,
        1.989564819275291e-07,
        -3.801573228976735e-09,
        4.1236569802401615e-09,
        1.9299309417799035e-09,
        -1.2132466087951453e-08,
        1.6650890662025166e-07,
        5.02457311033297e-08,
        -9.151650185986065e-07
      ],
      [
        4.387781591678186e-06,
        5.682903962323755e-06,
        -7.971298587521584e-07,
        1.6547068591995373e-06,
        0.9999999563006048,
        -2.6840626465205167e-06,
        -4.4022323139132835e-07,
        8.408894190925531e-09,
        -9.121327707751284e-09,
        -4.268912923081768e-09,
        2.683642204520594e-08,
        -3.6830956377322604e-07,
        -1.1114110157686535e-07,
        2.024300294934335e-06
      ],
      [
        0.000939635434417392,
        0.0012166146629380217,
        -0.00017065342311357236,
        0.0003564444955212757,
        -6.937749848313429e-06,
        0.9994252663542991,
        -9.426179261224135e-05,
        1.8004991362857824e-06,
        -1.9530442751091575e-06,
        -9.140528892826933e-07,
        5.746172280956689e-06,
        -7.886186178619255e-05,
        -2.3797357042611482e-05,
        0.0004334399803181686
      ],
      [
        -0.008533384773440574,
        -0.011048631283285704,
        0.0015497885962328433,
        -0.003237050010572294,
        6.300343429434242e-05,
        0.005219356565214179,
        1.000856023954458,
        -1.635077116234714e-05,
        1.773607071987694e-05,
        8.30073690219829e-06,
        -5.218238994502484e-05,
        0.0007161637734315559,
        0.00021610959507322423,
        -0.003936174024173336
      ],
      [
        -0.24929059010062604,
        -0.001855792583406951,
        -0.0122489274230955,
        -0.0005436991920772782,
        -0.004207277737246538,
        0.0008766731055140157,
        0.00014378811066790336,
        0.0041509380970419256,
        -0.004502621369474217,
        -0.0021072917417009804,
        0.013247440641595252,
        -0.1818110877671663,
        -0.0548633176025062,
        0.999268753216561
      ]
    ],
    "Dcl": [
      [
        4.085993483798579e-07,
        5.60645924985473e-05,
        0.0,
        7.534404475476179e-12
      ],
      [
        -3.331889720596366e-05,
        -0.004571740974586048,
        0.0,
        -6.142752131119379e-10
      ],
      [
        -1.706199493283405e-06,
        -0.0002341104550768176,
        0.0,
        -3.151535820926719e-11
      ],
      [
        1.2242986237285763e-06,
        0.0001679883136761191,
        0.0,
        2.268462953802209e-11
      ],
      [
        -2.7179467131221737e-06,
        -0.00037293396420033073,
        0.0,
        -5.0177291888420705e-11
      ],
      [
        -0.0005820124434988545,
        -0.07985889010086877,
        0.0,
        -1.0743882448153063e-08
      ],
      [
        0.005285579027810387,
        0.7252430414712355,
        0.0,
        9.756781314946741e-08
      ],
      [
        0.000887755748991747,
        0.1218104347923745,
        0.0,
        -2.476934871303375e-05
      ]
    ]
  },
  "Acl_eigenvals": {
    "cartesian": [
      {
        "re": -0.5440973012078463,
        "im": 0.0,
        "abs": 0.5440973012078463
      },
      {
        "re": -0.003010839787188694,
        "im": 0.8600765312087881,
        "abs": 0.8600818011633345
      },
      {
        "re": -0.003010839787188694,
        "im": -0.8600765312087881,
        "abs": 0.8600818011633345
      },
      {
        "re": 0.0011923513809096453,
        "im": 0.9779514145260036,
        "abs": 0.9779521414032626
      },
      {
        "re": 0.0011923513809096453,
        "im": -0.9779514145260036,
        "abs": 0.9779521414032626
      },
      {
        "re": 0.06645847200576681,
        "im": 0.0,
        "abs": 0.06645847200576681
      },
      {
        "re": 0.11728862727589981,
        "im": 0.0,
        "abs": 0.11728862727589981
      },
      {
        "re": 0.7060438848049706,
        "im": 0.23276665845921535,
        "abs": 0.7434233548663666
      },
      {
        "re": 0.7060438848049706,
        "im": -0.23276665845921535,
        "abs": 0.7434233548663666
      },
      {
        "re": 0.9331424938804792,
        "im": 0.3010634825409397,
        "abs": 0.9805070802422382
      },
      {
        "re": 0.9331424938804792,
        "im": -0.3010634825409397,
        "abs": 0.9805070802422382
      },
      {
        "re": 0.833346035677166,
        "im": 0.0,
        "abs": 0.833346035677166
      },
      {
        "re": 0.9990861070141019,
        "im": 0.0,
        "abs": 0.9990861070141019
      },
      {
        "re": 0.9554097067637628,
        "im": 0.0,
        "abs": 0.9554097067637628
      }
    ],
    "polar": [
      {
        "abs": 0.5440973012078463,
        "ang_rad": 3.141592653589793
      },
      {
        "abs": 0.8600818011633345,
        "ang_rad": 1.574296977468521
      },
      {
        "abs": 0.8600818011633345,
        "ang_rad": -1.574296977468521
      },
      {
        "abs": 0.9779521414032626,
        "ang_rad": 1.569577093638344
      },
      {
        "abs": 0.9779521414032626,
        "ang_rad": -1.569577093638344
      },
      {
        "abs": 0.06645847200576681,
        "ang_rad": 0.0
      },
      {
        "abs": 0.11728862727589981,
        "ang_rad": 0.0
      },
      {
        "abs": 0.7434233548663666,
        "ang_rad": 0.31845654487846337
      },
      {
        "abs": 0.7434233548663666,
        "ang_rad": -0.31845654487846337
      },
      {
        "abs": 0.9805070802422382,
        "ang_rad": 0.31209043446391443
      },
      {
        "abs": 0.9805070802422382,
        "ang_rad": -0.31209043446391443
      },
      {
        "abs": 0.833346035677166,
        "ang_rad": 0.0
      },
      {
        "abs": 0.9990861070141019,
        "ang_rad": 0.0
      },
      {
        "abs": 0.9554097067637628,
        "ang_rad": 0.0
      }
    ]
  },
  "disturbance": {
    "Sigma_nom": [
      [
        1.0,
        0.0,
        0.0,
        0.0
      ],
      [
        0.0,
        1.0,
        0.0,
        0.0
      ],
      [
        0.0,
        0.0,
        1.0,
        0.0
      ],
      [
        0.0,
        0.0,
        0.0,
        1.0
      ]
    ]
  },
  "dro_variables": {
    "Q": [
      [
        19.323387296869992,
        -0.11687475308765996,
        -9.263247594649449e-05,
        -0.0008586242968998576
      ],
      [
        -0.11687475308765996,
        21.951232875676634,
        0.003940098780687862,
        0.0018536001183018821
      ],
      [
        -9.263247594649449e-05,
        0.003940098780687862,
        5.700620461789918,
        2.879566849238593e-07
      ],
      [
        -0.0008586242968998576,
        0.0018536001183018821,
        2.879566849238593e-07,
        5.700621373614708
      ]
    ],
    "X": [
      [
        34036.79688002677,
        22171.403227436673,
        1905.2721997151825,
        -1577.4990566332447,
        -48.24298131305201,
        -691.3524147556739,
        -0.12442864572392762
      ],
      [
        22171.403227436673,
        35254.60941782464,
        721.1257130861455,
        -4455.889207008411,
        -34.33975979956828,
        1393.9034357914688,
        113.6137045319948
      ],
      [
        1905.2721997151825,
        721.1257130861455,
        139.13654667954918,
        -1809.2469920749083,
        -52.399681353206944,
        -92.14529891191543,
        -2.6257504503065654
      ],
      [
        -1577.4990566332447,
        -4455.889207008411,
        -1809.2469920749083,
        1777870.7864463483,
        1166.1396959614267,
        -568.7183708521666,
        997.8150369489246
      ],
      [
        -48.24298131305201,
        -34.33975979956828,
        -52.399681353206944,
        1166.1396959614267,
        1092.0935241565737,
        421.1931992540574,
        -33.49679185318679
      ],
      [
        -691.3524147556739,
        1393.9034357914688,
        -92.14529891191543,
        -568.7183708521666,
        421.1931992540574,
        506.4112746309781,
        17.81840860533969
      ],
      [
        -0.12442864572392762,
        113.6137045319948,
        -2.6257504503065654,
        997.8150369489246,
        -33.49679185318679,
        17.81840860533969,
        6.027141783504698
      ]
    ],
    "Y": [
      [
        20.43246626427687,
        0.053761043859177855,
        -0.04225338833026355,
        0.000347495800501846,
        0.0010248270292592238,
        -0.03257202798514137,
        0.023619639754826102
      ],
      [
        0.053761043859177855,
        14.015967388839892,
        2.8289184746660494,
        -0.0004346902777683923,
        0.024256615704195014,
        -0.13054464595457677,
        -0.006105949243781223
      ],
      [
        -0.04225338833026355,
        2.8289184746660494,
        24.07011856030121,
        -4.923138437431839e-06,
        -0.010008973717310517,
        0.06790416114493358,
        0.011126756576514815
      ],
      [
        0.000347495800501846,
        -0.0004346902777683923,
        -4.923138437431839e-06,
        0.06250628400428065,
        -0.01363817992568553,
        -0.0002468644187480484,
        2.5173574325849094e-05
      ],
      [
        0.0010248270292592238,
        0.024256615704195014,
        -0.010008973717310517,
        -0.01363817992568553,
        22.944942852510955,
        0.0009373933047545431,
        -0.0013045031571413343
      ],
      [
        -0.03257202798514137,
        -0.13054464595457677,
        0.06790416114493358,
        -0.0002468644187480484,
        0.0009373933047545431,
        11.981729977553567,
        1.0193721185713045
      ],
      [
        0.023619639754826102,
        -0.006105949243781223,
        0.011126756576514815,
        2.5173574325849094e-05,
        -0.0013045031571413343,
        1.0193721185713045,
        22.964852806056882
      ]
    ],
    "K": [
      [
        0.05020799869058265,
        -0.18105310159689608,
        0.06214998677513403,
        -0.20614231333144972,
        0.003447149286370379,
        -0.007465198650106849,
        0.0077987890326724095
      ],
      [
        -0.020645895011414634,
        -0.11951410936610252,
        0.10673639090565885,
        -0.026359418616690507,
        -0.021384985756413854,
        -0.024183122695677482,
        -0.019835401435551268
      ],
      [
        0.0032236249975888033,
        -0.020921586964105177,
        0.013450604460767844,
        -0.014328995483010911,
        0.003946616922144615,
        0.0035588579961274482,
        0.004093069366777307
      ],
      [
        -0.003678626020162016,
        0.007106067253189458,
        0.00034083012475967316,
        -0.00022536365755545439,
        0.017713694263830012,
        -0.08703414677614221,
        0.06581376441894872
      ],
      [
        5.251956758014089e-05,
        0.002450226251017496,
        -0.0013504605992021757,
        -0.0044247498642021816,
        -0.0007142253950531813,
        0.0001589626504526396,
        -0.000948561153915675
      ],
      [
        0.014260185626243654,
        -0.03556786404808104,
        -0.017025366417121005,
        -0.04386049646470536,
        0.03681623406613732,
        0.10165815587392019,
        0.0771801779589903
      ],
      [
        0.008141649635688386,
        0.012209210907439205,
        -0.04939573682830531,
        8.939264243302876e-05,
        -0.05793446104891159,
        -0.007048528355967225,
        0.12810165484390212
      ]
    ],
    "L": [
      [
        -8682.485455699627,
        -1425.7986686658535,
        41.09416906489778
      ],
      [
        -358.7912433292611,
        -1600.0616426982633,
        71.86889450131639
      ],
      [
        -652.5276466635823,
        -83.46592830615145,
        13.612446493408127
      ],
      [
        -50.87041865717299,
        128.25934942215747,
        -12460.222857001274
      ],
      [
        74.51562234031006,
        82.57115485830286,
        -9.452061338287471
      ],
      [
        -86.8057777435242,
        -70.17691535198372,
        3.041015509297038
      ],
      [
        0.45119369001536996,
        -9.860976371350189,
        -7.178383600664971
      ]
    ],
    "M": [
      [
        0.04016184847587661,
        -0.04968478891044917,
        0.04914956401385106,
        0.00016346622122127472,
        0.00013517451243742285,
        9.105177011088665,
        -1.388689559527262
      ]
    ],
    "N": [
      [
        -0.2478573802411414,
        -0.012509230223949832,
        -0.004217860779914226
      ]
    ],
    "Pbar": [
      [
        20.43246626427687,
        0.053761043859177855,
        -0.04225338833026355,
        0.000347495800501846,
        0.0010248270292592238,
        -0.03257202798514137,
        0.023619639754826102,
        1.0,
        0.0,
        0.0,
        0.0,
        0.0,
        0.0,
        0.0
      ],
      [
        0.053761043859177855,
        14.015967388839892,
        2.8289184746660494,
        -0.0004346902777683923,
        0.024256615704195014,
        -0.13054464595457677,
        -0.006105949243781223,
        0.0,
        1.0,
        0.0,
        0.0,
        0.0,
        0.0,
        0.0
      ],
      [
        -0.04225338833026355,
        2.8289184746660494,
        24.07011856030121,
        -4.923138437431839e-06,
        -0.010008973717310517,
        0.06790416114493358,
        0.011126756576514815,
        0.0,
        0.0,
        1.0,
        0.0,
        0.0,
        0.0,
        0.0
      ],
      [
        0.000347495800501846,
        -0.0004346902777683923,
        -4.923138437431839e-06,
        0.06250628400428065,
        -0.01363817992568553,
        -0.0002468644187480484,
        2.5173574325849094e-05,
        0.0,
        0.0,
        0.0,
        1.0,
        0.0,
        0.0,
        0.0
      ],
      [
        0.0010248270292592238,
        0.024256615704195014,
        -0.010008973717310517,
        -0.01363817992568553,
        22.944942852510955,
        0.0009373933047545431,
        -0.0013045031571413343,
        0.0,
        0.0,
        0.0,
        0.0,
        1.0,
        0.0,
        0.0
      ],
      [
        -0.03257202798514137,
        -0.13054464595457677,
        0.06790416114493358,
        -0.0002468644187480484,
        0.0009373933047545431,
        11.981729977553567,
        1.0193721185713045,
        0.0,
        0.0,
        0.0,
        0.0,
        0.0,
        1.0,
        0.0
      ],
      [
        0.023619639754826102,
        -0.006105949243781223,
        0.011126756576514815,
        2.5173574325849094e-05,
        -0.0013045031571413343,
        1.0193721185713045,
        22.964852806056882,
        0.0,
        0.0,
        0.0,
        0.0,
        0.0,
        0.0,
        1.0
      ],
      [
        1.0,
        0.0,
        0.0,
        0.0,
        0.0,
        0.0,
        0.0,
        34036.79688002677,
        22171.403227436673,
        1905.2721997151825,
        -1577.4990566332447,
        -48.24298131305201,
        -691.3524147556739,
        -0.12442864572392762
      ],
      [
        0.0,
        1.0,
        0.0,
        0.0,
        0.0,
        0.0,
        0.0,
        22171.403227436673,
        35254.60941782464,
        721.1257130861455,
        -4455.889207008411,
        -34.33975979956828,
        1393.9034357914688,
        113.6137045319948
      ],
      [
        0.0,
        0.0,
        1.0,
        0.0,
        0.0,
        0.0,
        0.0,
        1905.2721997151825,
        721.1257130861455,
        139.13654667954918,
        -1809.2469920749083,
        -52.399681353206944,
        -92.14529891191543,
        -2.6257504503065654
      ],
      [
        0.0,
        0.0,
        0.0,
        1.0,
        0.0,
        0.0,
        0.0,
        -1577.4990566332447,
        -4455.889207008411,
        -1809.2469920749083,
        1777870.7864463483,
        1166.1396959614267,
        -568.7183708521666,
        997.8150369489246
      ],
      [
        0.0,
        0.0,
        0.0,
        0.0,
        1.0,
        0.0,
        0.0,
        -48.24298131305201,
        -34.33975979956828,
        -52.399681353206944,
        1166.1396959614267,
        1092.0935241565737,
        421.1931992540574,
        -33.49679185318679
      ],
      [
        0.0,
        0.0,
        0.0,
        0.0,
        0.0,
        1.0,
        0.0,
        -691.3524147556739,
        1393.9034357914688,
        -92.14529891191543,
        -568.7183708521666,
        421.1931992540574,
        506.4112746309781,
        17.81840860533969
      ],
      [
        0.0,
        0.0,
        0.0,
        0.0,
        0.0,
        0.0,
        1.0,
        -0.12442864572392762,
        113.6137045319948,
        -2.6257504503065654,
        997.8150369489246,
        -33.49679185318679,
        17.81840860533969,
        6.027141783504698
      ]
    ],
    "Abar": [
      [
        20.407445813091925,
        0.03281260690380136,
        -0.033596285729909824,
        0.0003196276003133872,
        -0.01040515833300402,
        -0.045678512440309425,
        0.024879373739946822,
        0.9988616466324781,
        -0.0016092848309140837,
        0.0005536726669332406,
        -0.0005611511935779066,
        -0.0004950556274326598,
        -0.0008738931738686047,
        7.42663140295848e-05
      ],
      [
        0.06067607244048103,
        13.483234743858743,
        3.854303543576223,
        -0.000402700063342838,
        0.02659127136200429,
        -0.1363887964185826,
        -0.008086573429724719,
        0.0005365668136624493,
        0.9522443689840587,
        0.04821598543684816,
        0.0002126201624844522,
        0.00017299757320785576,
        -0.001351418650491183,
        -5.680317822837674e-05
      ],
      [
        0.2660809559815866,
        -23.860423004666206,
        16.64814082389021,
        0.0012165017981217818,
        0.10223264574370448,
        -0.28840278252347223,
        -0.08616661400857412,
        0.01925999669621118,
        -1.8873382248662787,
        0.9136190743582846,
        0.00758754704601828,
        0.006845825999265443,
        -0.05119844174074155,
        -0.0023136546203321026
      ],
      [
        0.0003798134673371674,
        0.001043926341272879,
        -0.00043305208314668714,
        0.0008583701143307982,
        0.7081662794756886,
        -0.0001200246724432167,
        -9.552642869300173e-05,
        1.5625817596812386e-05,
        2.306918917358119e-05,
        -7.845084090842217e-06,
        0.020469312799366153,
        0.03087584177466395,
        -1.4482591679494023e-05,
        -1.5582076473517574e-06
      ],
      [
        0.0013074533619905889,
        0.0232648855616351,
        -0.0035546156471610198,
        -1.9021221659795693,
        -1.2468661004395372e-06,
        0.002849426894875877,
        -0.0027256787671642987,
        0.0005446803962154613,
        0.0007920419685957085,
        -0.0002541368273392944,
        -30.434842235925288,
        -0.018091675210494703,
        -0.0004763530876785728,
        -5.7116351284130724e-05
      ],
      [
        -0.015178576523289064,
        -0.11548468684968378,
        0.06618146102736829,
        -0.0001958335462082175,
        0.0007739639940574079,
        11.73262388654683,
        1.5731980917975887,
        -0.023959185640712585,
