{
  "prob": "DDD",
  "meta": {
    "model": "correlated",
    "disturbance_type": "2W_correlated",
    "gamma": 0.5,
    "objective": 3957.8958271476567,
    "spectral_radius_Acl": 1.0004047745836202,
    "Z_cost": 3086.207273645968,
    "lambda_opt": 1017.8878915256472,
    "trace_Q_Sigma": 762.6742426088986,
    "real_Z_mats": false,
    "N_sims": 71,
    "SNR": 27.652539569582135
  },
  "solver_performance": {
    "solver": "SCS",
    "status": "optimal_inaccurate",
    "num_violations": 6,
    "tot_constraints:": 16,
    "Time_seconds": 52.44434980000369,
    "attempt": 1,
    "Total_time": 52.44434980000369,
    "stress": 0.5109582843945968
  },
  "problem_params": {
    "Methodology": "Young",
    "FROM_DATA": true,
    "augmented": false,
    "reg_fro": false,
    "non_convex": false,
    "N_sims": 71
  },
  "controller": {
    "Ac": [
      [
        0.8731854584558287,
        -0.08430824439183118,
        0.0027457387049943916,
        0.20797690040945757,
        -0.36010327106469625,
        -0.3759160193231667,
        -0.283739025635851
      ],
      [
        0.22728377385914564,
        0.840721091320658,
        -0.05106270269416167,
        0.9348740462797632,
        -0.5278020344617391,
        0.38146578921050234,
        -0.24449035897069626
      ],
      [
        -0.07807938683255425,
        -0.1415139860911544,
        0.3349155217989777,
        18.327028063996217,
        0.27946068007296265,
        -0.14583588891661978,
        0.36076976606343264
      ],
      [
        -0.006179655279421302,
        -0.0077349300200813195,
        -0.04507514602648994,
        -0.3162755848338497,
        0.013327903779544244,
        0.002523756042312721,
        -0.004202956794214082
      ],
      [
        0.0010950337150820355,
        0.004101501450314596,
        0.01669274758498871,
        -0.33121917768005926,
        0.9659371466102817,
        -0.16164871965735444,
        0.12813160911139823
      ],
      [
        0.07688710557418345,
        -0.0075587827085890225,
        0.010900011753805106,
        0.5708375824248012,
        0.0018873247942391889,
        -0.05546697083362619,
        -0.02165820722074014
      ],
      [
        0.11231253683218807,
        -0.10264099533004516,
        -0.00313653192371817,
        -0.020698779510115284,
        -0.2818062426592697,
        0.05175507726031095,
        -0.031892577130406066
      ]
    ],
    "Bc": [
      [
        4.6164461504840855,
        1.1382129866088941,
        -0.3625241515560411
      ],
      [
        -12.539022577869696,
        1.3386563569362342,
        -1.5691727739854127
      ],
      [
        1.7132695498959185,
        -0.4913989774079422,
        -30.62002974880442
      ],
      [
        0.1316998237742309,
        0.4456943797533237,
        0.5196285457280128
      ],
      [
        0.017702881769959336,
        -0.1694482763683185,
        0.5504498072548196
      ],
      [
        -3.4642435217023113,
        -1.438922121563576,
        -0.9523270612588152
      ],
      [
        -6.511326077605381,
        -0.4341403220156078,
        0.03677012224838189
      ]
    ],
    "Cc": [
      [
        0.009980732284040143,
        -0.015065574619662764,
        0.007405214702623212,
        -0.0001836213357585033,
        0.41447431257316353,
        0.03231199006754555,
        0.23238686706210707
      ]
    ],
    "Dc": [
      [
        -0.5682781133910834,
        -0.047696811616765124,
        0.00024632647810325355
      ]
    ]
  },
  "plant": {
    "A": [
      [
        1.0004302019488407,
        -0.027569083111632316,
        -0.0021340145325250233,
        -0.0036718163448865152,
        -0.00018400142846566208,
        2.7861256627289314e-05,
        0.00040155013780667116
      ],
      [
        0.00017092648498458202,
        0.9602178344761124,
        0.04907583278783501,
        0.0011089344213012625,
        5.4627697049606346e-05,
        -0.0015495519134094873,
        -0.0001414095049209681
      ],
      [
        0.001810050377851101,
        -1.5803413071577963,
        0.946728448667455,
        0.04357827942006704,
        0.0021789486794429975,
        -0.06063788679415611,
        -0.005940816986123999
      ],
      [
        -8.20847779905731e-06,
        0.00033473262703909574,
        1.6323136404801123e-05,
        0.020508609976451396,
        0.031137494200976456,
        -2.5138361351792027e-05,
        -5.382519811497223e-06
      ],
      [
        -6.690941382431964e-05,
        0.010490210749501745,
        0.0008139939716648185,
        -30.4338729443872,
        -0.018239728538549528,
        -0.0007407930160465203,
        -0.00016673475610588356
      ],
      [
        -1.2005565944277151e-05,
        -0.0005113684452437526,
        4.919461052384535e-05,
        -4.173311652881667e-05,
        -7.38792231048852e-07,
        0.9014625204204483,
        0.034458151929627756
      ],
      [
        0.0008504966923802489,
        0.01391182094621848,
        -0.0013791855166747518,
        0.0012016116364256695,
        1.9529927258155122e-05,
        -3.4429156777315155,
        0.4197357565527388
      ]
    ],
    "Bw": [
      [
        -0.08008942971724764,
        0.025993949439331036,
        0.0001,
        0.0
      ],
      [
        0.025384274067361545,
        -0.0023154055334969337,
        0.0,
        0.0
      ],
      [
        0.9687449269927021,
        -0.22987798904822204,
        0.0,
        0.0
      ],
      [
        0.0009852006344529386,
        -0.00027310305377036665,
        0.0,
        0.0
      ],
      [
        0.03078322840343376,
        -0.007759834056603151,
        0.0,
        0.0
      ],
      [
        -0.00810123850295051,
        -0.03406510533098323,
        0.0,
        0.0
      ],
      [
        0.23121500917335266,
        0.9722419156927102,
        0.0,
        0.0
      ]
    ],
    "Bu": [
      [
        -0.002299471673929175
      ],
      [
        0.0006364785857866833
      ],
      [
        0.024764147201979912
      ],
      [
        2.710195325291295e-05
      ],
      [
        0.0008308974525008747
      ],
      [
        0.0984467358702338
      ],
      [
        3.4456391263272637
      ]
    ],
    "Cz": [
      [
        1.0000012937331426,
        2.1166239403964264e-05,
        -2.0979290239983924e-06,
        1.827398547344949e-06,
        2.9710589830981486e-08,
        9.321670581822382e-06,
        1.4136265647824189e-06
      ],
      [
        1.6150924824970727e-06,
        1.0000261519762024,
        -2.6162969556549618e-06,
        2.262438536917214e-06,
        3.781881474350005e-08,
        1.1629926434181535e-05,
        1.7651245094490568e-06
      ],
      [
        5.7854155991876316e-05,
        0.0009454968375996123,
        0.9999062758796506,
        8.162983181317388e-05,
        1.3272503001024805e-06,
        0.00041640378079373433,
        6.314787229358991e-05
      ],
      [
        -4.263977010129029e-08,
        -7.138798850850446e-07,
        7.086228735860408e-08,
        0.999989421908166,
        -1.101561068000382e-08,
        -3.0596581339374357e-07,
        -4.618436805915918e-08
      ],
      [
        7.039152558866843e-07,
        1.1504761555195572e-05,
        -1.1403710103458721e-06,
        9.83144710792875e-07,
        1.000000004820525,
        5.0663071349023916e-06,
        7.682959636777527e-07
      ],
      [
        -6.803268246756903e-05,
        -0.0011118361413436969,
        0.00011020461217350003,
        -9.598799494477863e-05,
        -1.5610213085066063e-06,
        0.9995103232908449,
        -7.425964407714337e-05
      ],
      [
        0.0006178425659969989,
        0.010097267253744272,
        -0.001000832057759834,
        0.0008717332093148571,
        1.4175218403040577e-05,
        0.004446909350181139,
        1.0006743739417168
      ],
      [
        0.00010377971751741583,
        0.0016960326317512957,
        -0.00016811053276489192,
        0.00014642422846631865,
        2.3812164380357603e-06,
        0.000746966343834168,
        0.00011327956664531238
      ]
    ],
    "Dzw": [
      [
        0.00035174219556313724,
        0.001479049596307347,
        0.0,
        0.0
      ],
      [
        0.0004385843352611371,
        0.0018442142922281933,
        0.0,
        0.0
      ],
      [
        0.015712497658286535,
        0.0660698762092958,
        0.0,
        0.0
      ],
      [
        -1.1596625645854787e-05,
        -4.8762926724411394e-05,
        0.0,
        0.0
      ],
      [
        0.00019117609956188775,
        0.0008038811847190779,
        0.0,
        0.0
      ],
      [
        -0.018476870704385733,
        -0.07769385789093591,
        0.0,
        0.0
      ],
      [
        0.16779874963979646,
        0.7055811786187351,
        0.0,
        0.0
      ],
      [
        0.028185330802507305,
        0.11851720570082924,
        0.0,
        0.0
      ]
    ],
    "Dzu": [
      [
        -5.17849414597686e-06
      ],
      [
        -6.472543814028113e-06
      ],
      [
        -0.00023132813196061465
      ],
      [
        1.6909606156083746e-07
      ],
      [
        -2.8144194653722543e-06
      ],
      [
        0.0002720411209522467
      ],
      [
        -0.002470425537350215
      ],
      [
        0.9995850111287689
      ]
    ],
    "Cy": [
      [
        1.0000012833268774,
        2.4001539698451412e-05,
        -2.151796586580966e-06,
        2.127583682369197e-06,
        -4.233427566201335e-09,
        6.751900095146999e-06,
        6.535172029185622e-07
      ],
      [
        5.7389298482253246e-05,
        0.0010721523289426993,
        0.9999038695657138,
        9.503937995024178e-05,
        -1.8906040998359054e-07,
        0.0003016097519703313,
        2.9193082771792404e-05
      ],
      [
        6.982596358261362e-07,
        1.3045696837141749e-05,
        -1.169647072534695e-06,
        1.1462899931244498e-06,
        0.9999999863725527,
        3.669682580354791e-06,
        3.5519004456980647e-07
      ]
    ],
    "Dyw": [
      [
        0.00035174219488909135,
        0.0014790495832617268,
        0.0,
        0.0001
      ],
      [
        0.01571249762818366,
        0.06606987562653542,
        0.0,
        0.0
      ],
      [
        0.00019117609919569936,
        0.0008038811776289794,
        0.0,
        0.0
      ]
    ]
  },
  "plant_dims": {
    "nx": 7,
    "nu": 1,
    "nw": 4,
    "ny": 3,
    "nz": 8
  },
  "initial_conds": {
    "X": [
      [
        0.07
      ],
      [
        0.0
      ],
      [
        0.0
      ],
      [
        0.0
      ],
      [
        0.0
      ],
      [
        0.0
      ],
      [
        0.0
      ]
    ],
    "Xc": [
      [
        0.0
      ],
      [
        0.0
      ],
      [
        0.0
      ],
      [
        0.0
      ],
      [
        0.0
      ],
      [
        0.0
      ],
      [
        0.0
      ]
    ]
  },
  "composite_closed_loop": {
    "Acl": [
      [
        1.0017369493443886,
        -0.02756893416431155,
        -0.0020243504197930153,
        -0.0036718031416598388,
        -0.000184567875484534,
        2.7903157316444445e-05,
        0.0004015541934055575,
        -2.2950411172220744e-05,
        3.464286208938083e-05,
        -1.7028081448045933e-05,
        4.222320603057167e-07,
        -0.0009530719413332565,
        -7.430050588860185e-05,
        -0.00053436701820246
      ],
      [
        -0.0001907725712501916,
        0.9602177932484769,
        0.04904547848507296,
        0.0011089307667352427,
        5.4784485846607977e-05,
        -0.0015495635112437547,
        -0.0001414106274839781,
        6.352522369261364e-06,
        -9.588915627986705e-06,
        4.713260581372376e-06,
        -1.1687104810383391e-07,
        0.00026380402431147484,
        2.0565889742144748e-05,
        0.00014790926450308789
      ],
      [
        -0.012262958316297099,
        -1.580342911245126,
        0.9455474216249129,
        0.04357813722799194,
        0.0021850490274127107,
        -0.060638338043391256,
        -0.0059408606628732945,
        0.00024716432346552327,
        -0.00037308610756374124,
        0.0001833838269580271,
        -4.547225788147753e-06,
        0.010264102888001255,
        0.0008001788784216109,
        0.005754862583732956
      ],
      [
        -2.3610018609077542e-05,
        0.0003347308715213521,
        1.503061704460108e-05,
        0.020508609820835983,
        0.031137500877214654,
        -2.5138855200240616e-05,
        -5.38256761145609e-06,
        2.7049733979189505e-07,
        -4.08306499070372e-07,
        2.0069578269827794e-07,
        -4.976496857964389e-09,
        1.1233063443891107e-05,
        8.757180443192071e-07,
        6.2981380077081215e-06
      ],
      [
        -0.0005390931307768469,
        0.010490156928465033,
        0.0007743676379583043,
        -30.43387294915809,
        -0.01823952385701755,
        -0.0007408081565573915,
        -0.00016673622156719855,
        8.292965028902192e-06,
        -1.2517947571939625e-05,
        6.152974031631649e-06,
        -1.5257050010654815e-07,
        0.00034438565044409285,
        2.6847950232357164e-05,
        0.0001930896558365642
      ],
      [
        -0.05595747215166803,
        -0.0005177452915917104,
        -0.004645829060771909,
        -4.229838314374813e-05,
        2.3512369756991028e-05,
        0.9014607265361727,
        0.03445797829823369,
        0.0009825705149584152,
        -0.0014831566453152381,
        0.0007290192158915192,
        -1.807692114155689e-05,
        0.04080364317488695,
        0.0031810099516212747,
        0.022877728521374388
      ],
      [
        -1.9572427494107578,
        0.013688631105693311,
        -0.1657051747721569,
        0.001181827285548036,
        0.000868321427212355,
        -3.442978463742585,
        0.41972967944800127,
        0.034390001667286396,
        -0.051910533370113005,
        0.02551569751821245,
        -0.0006326928589179744,
        1.4281289082596884,
        0.11133545722623288,
        0.8007212815938085
      ],
      [
        4.616517143002351,
        0.0013264101397948162,
        1.138094060072425,
        0.00011758137419173357,
        -0.3625243813501666,
        0.00037313557121928994,
        3.6116107936142186e-05,
        0.8731854584558287,
        -0.08430824439183118,
        0.0027457387049943916,
        0.20797690040945757,
        -0.36010327106469625,
        -0.3759160193231667,
        -0.283739025635851
      ],
      [
        -12.538962940675162,
        0.0011138167302661042,
        1.3385564881236054,
        9.874852325183192e-05,
        -1.5691729526054692,
        0.00031333121805821485,
        3.0327684321073853e-05,
        0.22728377385914564,
        0.840721091320658,
        -0.05106270269416167,
        0.9348740462797632,
        -0.5278020344617391,
        0.38146578921050234,
        -0.24449035897069626
      ],
      [
        1.7132221668073706,
        -0.0008851930761991753,
        -0.4913196109902489,
        -7.81565634734026e-05,
        -30.620029245880488,
        -0.00024900868863666223,
        -2.410172962855732e-05,
        -0.07807938683255425,
        -0.1415139860911544,
        0.3349155217989777,
        18.327028063996217,
        0.27946068007296265,
        -0.14583588891661978,
        0.36076976606343264
      ],
      [
        0.13172593371158514,
        0.0004877921822732866,
        0.4456506437858005,
        4.323436489720627e-05,
        0.5196284538260983,
        0.0001372218672071559,
        1.3281827905836135e-05,
        -0.006179655279421302,
        -0.0077349300200813195,
        -0.04507514602648994,
        -0.3162755848338497,
        0.013327903779544244,
        0.002523756042312721,
        -0.004202956794214082
      ],
      [
        0.017693564327715468,
        -0.00017406846641453068,
        -0.16943266915692834,
        -1.543561965152404e-05,
        0.5504498317146106,
        -4.8967748449099064e-05,
        -4.739634128207695e-06,
        0.0010950337150820355,
        0.004101501450314596,
        0.01669274758498871,
        -0.33121917768005926,
        0.9659371466102817,
        -0.16164871965735444,
        0.12813160911139823
      ],
      [
        -3.4643312111618068,
        -0.0016383146523437876,
        -1.4387752291211817,
        -0.00014521637719911833,
        -0.9523267615721981,
        -0.0004608779083807092,
        -4.4608772424833795e-05,
        0.07688710557418345,
        -0.0075587827085890225,
        0.010900011753805106,
        0.5708375824248012,
        0.0018873247942391889,
        -0.05546697083362619,
        -0.02165820722074014
      ],
      [
        -6.511359323098575,
        -0.0006212667168106578,
        -0.43408461987674923,
        -5.5071668905880625e-05,
        0.03677023139127356,
        -0.00017476984332927175,
        -1.6916097579341368e-05,
        0.11231253683218807,
        -0.10264099533004516,
        -0.00313653192371817,
        -0.020698779510115284,
        -0.2818062426592697,
        0.05175507726031095,
        -0.031892577130406066
      ]
    ],
    "Bcl": [
      [
        -0.08008724688319635,
        0.026003128093017726,
        0.0001,
        1.3067394246567079e-07
      ],
      [
        0.025383669873300048,
        -0.002317946124270095,
        0.0,
        -3.6169684994468115e-08
      ],
      [
        0.9687214189737182,
        -0.2299768385072479,
        0.0,
        -1.4072922851680222e-06
      ],
      [
        0.0009851749072099865,
        -0.00027321123489995467,
        0.0,
        -1.5401446863778704e-09
      ],
      [
        0.030782439652142318,
        -0.007763150696704495,
        0.0,
        -4.721808367286544e-08
      ],
      [
        -0.008194691659922237,
        -0.03445806885620637,
        0.0,
        -5.5945125329846755e-06
      ],
      [
        0.22794414547945596,
        0.9584881788546182,
        0.0,
        -0.00019580813021357582
      ],
      [
        0.019438661800859944,
        0.08173811687490894,
        0.0,
        0.00046164461504840857
      ],
      [
        0.016323143180115175,
        0.06863759443368572,
        0.0,
        -0.0012539022577869696
      ],
      [
        -0.012972293919729832,
        -0.054547524280064145,
        0.0,
        0.00017132695498959185
      ],
      [
        0.007148636828252756,
        0.030059482414486333,
        0.0,
        1.316998237742309e-05
      ],
      [
        -0.002550995943093385,
        -0.010726746865599565,
        0.0,
        1.7702881769959336e-06
      ],
      [
        -0.024009643214892535,
        -0.10095875134455956,
        0.0,
        -0.00034642435217023114
      ],
      [
        -0.00910470733760623,
        -0.03828461239242411,
        0.0,
        -0.0006511326077605382
      ]
    ],
    "Ccl": [
      [
        1.000004236575977,
        2.116657483876757e-05,
        -1.8509614391200486e-06,
        1.8274282814933743e-06,
        2.8434930467793067e-08,
        9.321764943703836e-06,
        1.4136356981391502e-06,
        -5.1685163705464134e-08,
        7.801698997370118e-08,
        -3.834786098723608e-08,
        9.508820123018608e-10,
        -2.1463528013179106e-06,
        -1.673274514096471e-07,
        -1.2034140306830243e-06
      ],
      [
        5.293319906407322e-06,
        1.0000261523954588,
        -2.307614842919224e-06,
        2.2624757013076777e-06,
        3.622438190506054e-08,
        1.1630044376076392e-05,
        1.7651359251328339e-06,
        -6.460072700453471e-08,
        9.751259180927716e-08,
        -4.7930576615013905e-08,
        1.1884971408872797e-09,
        -2.6827031479189844e-06,
        -2.091407714306298e-07,
        -1.5041341788642146e-06
      ],
      [
        0.00018931367227283726,
        0.0009455118217830942,
        0.9999173081505105,
        8.163116006513608e-05,
        1.2702654143063456e-06,
        0.00041640799602641584,
        6.314828028909818e-05,
        -2.308824154866005e-06,
        3.4850912336798347e-06,
        -1.713034483925106e-06,
        4.247678058912738e-08,
        -9.587956847320982e-05,
        -7.474672302255247e-06,
        -5.375761984965692e-05
      ],
      [
        -1.387339471017253e-07,
        -7.138908382120639e-07,
        6.279792641526617e-08,
        0.9999894219071951,
        -1.097395591162372e-08,
        -3.0596889464131585e-07,
        -4.6184666295404804e-08,
        1.6877025207242898e-09,
        -2.547529333335885e-09,
        1.2521926412259933e-09,
        -3.104964469530308e-11,
        7.008597387425745e-08,
        5.4638302616148514e-09,
        3.929570397866421e-08
      ],
      [
        2.303297995866401e-06,
        1.1504943858045238e-05,
        -1.0061485204474177e-06,
        9.831608707737024e-07,
        1.000000004127227,
        5.0663584189066726e-06,
        7.683009274946933e-07,
        -2.808996721887186e-08,
        4.240084646659708e-08,
        -2.0841380404323577e-08,
        5.167874616163861e-10,
        -1.1665045732026956e-06,
        -9.093949381101514e-08,
        -6.540341221564685e-07
      ],
      [
        -0.00022262864045075785,
        -0.0011118537626940983,
        9.723069799395623e-05,
        -9.598955696470953e-05,
        -1.4940072705773342e-06,
        0.9995103183337452,
        -7.426012387851674e-05,
        2.7151695984745577e-06,
        -4.0984558073227756e-06,
        2.0145229085936765e-06,
        -4.99525540104921e-08,
        0.00011275405659831528,
        8.790189998172954e-06,
        6.321878381015634e-05
      ],
      [
        0.0020217398931214204,
        0.010097427274530401,
        -0.0008830149836485961,
        0.0008717473941333642,
        1.3566658968783244e-05,
        0.0044469543659705025,
        1.0006743782988285,
        -2.465665591594851e-05,
        3.7218380275270144e-05,
        -1.829403151092166e-05,
        4.536228370601648e-07,
        -0.0010239279263564187,
        -7.982436542547104e-05,
        -0.0005740944509350389
      ],
      [
        -0.5679419695433621,
        0.0016312849286269178,
        -0.04783932326761995,
        0.0001406847589899332,
        0.0002486168870412083,
        0.0007287520290807846,
        0.00011151658956501017,
        0.00997659039121553,
        -0.015059322573856901,
        0.007402141620932546,
        -0.00018354513494764292,
        0.4143023103460345,
        0.03229858095126019,
        0.232290429098456
      ]
    ],
    "Dcl": [
      [
        0.00035174711138509946,
        0.0014790702669704925,
        0.0,
        2.9428248834824995e-10
      ],
      [
        0.00043859047949383015,
        0.0018442401282664513,
        0.0,
        3.6782049874770235e-10
      ],
      [
        0.015712717252608654,
        0.06607079958697222,
        0.0,
        1.3145871440486168e-08
      ],
      [
        -1.1596786164744973e-05,
        -4.8763601694321416e-05,
        0.0,
        -9.60935908456552e-12
      ],
      [
        0.00019117877122369305,
        0.000803892418856856,
        0.0,
        1.5993729840728863e-10
      ],
      [
        -0.018477128946584973,
        -0.07769494378004083,
        0.0,
        -1.545950149795383e-08
      ],
      [
        0.16780109475630528,
        0.7055910396580005,
        0.0,
        1.4038887636385335e-07
      ],
      [
        0.027236448403046794,
        0.11452722628443561,
        0.0,
        -5.680422842982619e-05
      ]
    ]
  },
  "Acl_eigenvals": {
    "cartesian": [
      {
        "re": 0.0011334448819437376,
        "im": 0.9732718973235303,
        "abs": 0.973272557312208
      },
      {
        "re": 0.0011334448819437376,
        "im": -0.9732718973235303,
        "abs": 0.973272557312208
      },
      {
        "re": 0.0002586576539161112,
        "im": 0.8586586211409556,
        "abs": 0.8586586600992673
      },
      {
        "re": 0.0002586576539161112,
        "im": -0.8586586211409556,
        "abs": 0.8586586600992673
      },
      {
        "re": -0.012653984889673215,
        "im": 0.0,
        "abs": 0.012653984889673215
      },
      {
        "re": 0.03402359890355435,
        "im": 0.0,
        "abs": 0.03402359890355435
      },
      {
        "re": 0.6397886369296737,
        "im": 0.25442413331967767,
        "abs": 0.6885209797528314
      },
      {
        "re": 0.6397886369296737,
        "im": -0.25442413331967767,
        "abs": 0.6885209797528314
      },
      {
        "re": 0.9534937679742803,
        "im": 0.2784087150661014,
        "abs": 0.9933085010159474
      },
      {
        "re": 0.9534937679742803,
        "im": -0.2784087150661014,
        "abs": 0.9933085010159474
      },
      {
        "re": 0.8226951493329663,
        "im": 0.11666015064135372,
        "abs": 0.8309253272609127
      },
      {
        "re": 0.8226951493329663,
        "im": -0.11666015064135372,
        "abs": 0.8309253272609127
      },
      {
        "re": 1.0004047745836202,
        "im": 0.0,
        "abs": 1.0004047745836202
      },
      {
        "re": 0.9855720394105765,
        "im": 0.0,
        "abs": 0.9855720394105765
      }
    ],
    "polar": [
      {
        "abs": 0.973272557312208,
        "ang_rad": 1.5696317556481716
      },
      {
        "abs": 0.973272557312208,
        "ang_rad": -1.5696317556481716
      },
      {
        "abs": 0.8586586600992673,
        "ang_rad": 1.5704950922416947
      },
      {
        "abs": 0.8586586600992673,
        "ang_rad": -1.5704950922416947
      },
      {
        "abs": 0.012653984889673215,
        "ang_rad": 3.141592653589793
      },
      {
        "abs": 0.03402359890355435,
        "ang_rad": 0.0
      },
      {
        "abs": 0.6885209797528314,
        "ang_rad": 0.37849531545841375
      },
      {
        "abs": 0.6885209797528314,
        "ang_rad": -0.37849531545841375
      },
      {
        "abs": 0.9933085010159474,
        "ang_rad": 0.28409020194754786
      },
      {
        "abs": 0.9933085010159474,
        "ang_rad": -0.28409020194754786
      },
      {
        "abs": 0.8309253272609127,
        "ang_rad": 0.1408632590806597
      },
      {
        "abs": 0.8309253272609127,
        "ang_rad": -0.1408632590806597
      },
      {
        "abs": 1.0004047745836202,
        "ang_rad": 0.0
      },
      {
        "abs": 0.9855720394105765,
        "ang_rad": 0.0
      }
    ]
  },
  "disturbance": {
    "Sigma_nom": [
      [
        1.0,
        0.0,
        0.0,
        0.0
      ],
      [
        0.0,
        1.0,
        0.0,
        0.0
      ],
      [
        0.0,
        0.0,
        1.0,
        0.0
      ],
      [
        0.0,
        0.0,
        0.0,
        1.0
      ]
    ]
  },
  "dro_variables": {
    "Q": [
      [
        86.60994702362213,
        166.18404889592972,
        -0.14734957672669668,
        -7.508544293185733e-05
      ],
      [
        166.18404889592972,
        629.359815624339,
        -0.18449127404957683,
        0.021271294865570854
      ],
      [
        -0.14734957672669668,
        -0.18449127404957683,
        23.35999324844985,
        -0.0011597298241846268
      ],
      [
        -7.508544293185733e-05,
        0.021271294865570854,
        -0.0011597298241846268,
        23.344486712487527
      ]
    ],
    "X": [
      [
        126512.35560210931,
        53092.24649731996,
        9592.405092644905,
        -2599.16332520329,
        -17.410535878998935,
        7720.462906917299,
        -367.70203344137747
      ],
      [
        53092.24649731996,
        101095.2071084567,
        2118.658393692751,
        -9412.460262870254,
        -12.322882221117872,
        -9090.683676555815,
        -717.3489957069081
      ],
      [
        9592.405092644905,
        2118.658393692751,
        864.1204754871883,
        -4163.380572742072,
        -98.04227502441093,
        889.7317995707091,
        -11.687439915747392
      ],
      [
        -2599.16332520329,
        -9412.460262870254,
        -4163.380572742072,
        3741868.003111835,
        2479.601665027256,
        -766.6861289081276,
        -40.58202438007177
      ],
      [
        -17.410535878998935,
        -12.322882221117872,
        -98.04227502441093,
        2479.601665027256,
        2193.413377398078,
        -5.607340375160957,
        -3.928162725348014
      ],
      [
        7720.462906917299,
        -9090.683676555815,
        889.7317995707091,
        -766.6861289081276,
        -5.607340375160957,
        2601.1807456790903,
        77.41668282526142
      ],
      [
        -367.70203344137747,
        -717.3489957069081,
        -11.687439915747392,
        -40.58202438007177,
        -3.928162725348014,
        77.41668282526142,
        41.78010352663945
      ]
    ],
    "Y": [
      [
        58.22161231613447,
        0.18544262471001313,
        0.0773026664736027,
        0.00014284054480814755,
        0.0013403495687699149,
        0.016825843976155032,
        -0.008637494401732658
      ],
      [
        0.18544262471001313,
        40.48778986004842,
        8.585986148301597,
        0.01635838673831447,
        0.021113945312016383,
        -0.34812730938595604,
        -0.14130263752884334
      ],
      [
        0.0773026664736027,
        8.585986148301597,
        62.992860817049205,
        0.0025502211432014144,
        -0.007010638173486946,
        0.20572159530369125,
        0.03800618213693814
      ],
      [
        0.00014284054480814755,
        0.01635838673831447,
        0.0025502211432014144,
        0.1742041835183993,
        -0.03810634227045427,
        2.5423551679913022e-05,
        -0.0006400464778462009
      ],
      [
        0.0013403495687699149,
        0.021113945312016383,
        -0.007010638173486946,
        -0.03810634227045427,
        63.71123151678155,
        0.0003091293779345509,
        -0.0006377395106738768
      ],
      [
        0.016825843976155032,
        -0.34812730938595604,
        0.20572159530369125,
        2.5423551679913022e-05,
        0.0003091293779345509,
        50.89466488064367,
        -0.18607305056597237
      ],
      [
        -0.008637494401732658,
        -0.14130263752884334,
        0.03800618213693814,
        -0.0006400464778462009,
        -0.0006377395106738768,
        -0.18607305056597237,
        63.77832256183312
      ]
    ],
    "K": [
      [
        0.27603855855911835,
        0.12237751739279976,
        -0.03346028549276889,
        0.032275121370235305,
        -0.015837752604461703,
        -0.039647420258644664,
        -0.1857327161564377
      ],
      [
        -0.22565539882797125,
        -0.2861322695228171,
        0.16238509836540724,
        -0.028775952838404607,
        0.030453697728562823,
        0.044782740627097264,
        0.15991915717612595
      ],
      [
        0.00791656136261175,
        -0.11042086445890141,
        0.4956159115868187,
        -0.11342191012367489,
        0.015027304894736266,
        0.043207963424081494,
        0.02281908943411921
      ],
      [
        -0.02818186574634587,
        0.041320390739205334,
        0.028778497536258323,
        0.02146341215818081,
        -0.4792041239809133,
        -0.052299460005099246,
        -0.03540931008557258
      ],
      [
        0.006747718662406959,
        -0.0027734623980078255,
        -0.00020075478831789665,
        -0.0010262078924795272,
        -0.0005408091962517997,
        0.0012411222679608645,
        0.0011430497269939819
      ],
      [
        0.16381048087378666,
        0.05455430372633011,
        -0.09246363021343189,
        -0.13783775297194756,
        -0.0707467727750557,
        0.3638364853150617,
        0.2331620614193906
      ],
      [
        -0.016143652841339496,
        -0.01490631170797164,
        0.03997047223802011,
        0.018718620558965428,
        0.0010577490614596475,
        0.18661902519123297,
        -0.02381106495374358
      ]
    ],
    "L": [
      [
        -22134.837464650656,
        -1725.2858343782952,
        47.41063070763339
      ],
      [
        12162.781839429479,
        -3535.4179020070223,
        89.5475938706317
      ],
      [
        -2423.3695926480304,
        -166.1485181029035,
        30.85043959690159
      ],
      [
        -2.6726433228955107,
        -45.12567810057097,
        -25814.09478379219
      ],
      [
        53.580032722804006,
        161.54153527298777,
        -20.637859095651255
      ],
      [
        -4732.408877236631,
        356.01093066639373,
        5.518830226449789
      ],
      [
        -483.7979546995522,
        -5.106674465152793,
        0.28715741432706926
      ]
    ],
    "M": [
      [
        0.011779523442715448,
        -0.37182852822745754,
        0.08690737482843679,
        0.00033875713326577013,
        -0.0004391434862137137,
        46.86993309461906,
        -7.431832807476582
      ]
    ],
    "N": [
      [
        -0.5682781133910834,
        -0.047696811616765124,
        0.00024632647810325355
      ]
    ],
    "Pbar": [
      [
        58.22161231613447,
        0.18544262471001313,
        0.0773026664736027,
        0.00014284054480814755,
        0.0013403495687699149,
        0.016825843976155032,
        -0.008637494401732658,
        1.0,
        0.0,
        0.0,
        0.0,
        0.0,
        0.0,
        0.0
      ],
      [
        0.18544262471001313,
        40.48778986004842,
        8.585986148301597,
        0.01635838673831447,
        0.021113945312016383,
        -0.34812730938595604,
        -0.14130263752884334,
        0.0,
        1.0,
        0.0,
        0.0,
        0.0,
        0.0,
        0.0
      ],
      [
        0.0773026664736027,
        8.585986148301597,
        62.992860817049205,
        0.0025502211432014144,
        -0.007010638173486946,
        0.20572159530369125,
        0.03800618213693814,
        0.0,
        0.0,
        1.0,
        0.0,
        0.0,
        0.0,
        0.0
      ],
      [
        0.00014284054480814755,
        0.01635838673831447,
        0.0025502211432014144,
        0.1742041835183993,
        -0.03810634227045427,
        2.5423551679913022e-05,
        -0.0006400464778462009,
        0.0,
        0.0,
        0.0,
        1.0,
        0.0,
        0.0,
        0.0
      ],
      [
        0.0013403495687699149,
        0.021113945312016383,
        -0.007010638173486946,
        -0.03810634227045427,
        63.71123151678155,
        0.0003091293779345509,
        -0.0006377395106738768,
        0.0,
        0.0,
        0.0,
        0.0,
        1.0,
        0.0,
        0.0
      ],
      [
        0.016825843976155032,
        -0.34812730938595604,
        0.20572159530369125,
        2.5423551679913022e-05,
        0.0003091293779345509,
        50.89466488064367,
        -0.18607305056597237,
        0.0,
        0.0,
        0.0,
        0.0,
        0.0,
        1.0,
        0.0
      ],
      [
        -0.008637494401732658,
        -0.14130263752884334,
        0.03800618213693814,
        -0.0006400464778462009,
        -0.0006377395106738768,
        -0.18607305056597237,
        63.77832256183312,
        0.0,
        0.0,
        0.0,
        0.0,
        0.0,
        0.0,
        1.0
      ],
      [
        1.0,
        0.0,
        0.0,
        0.0,
        0.0,
        0.0,
        0.0,
        126512.35560210931,
        53092.24649731996,
        9592.405092644905,
        -2599.16332520329,
        -17.410535878998935,
        7720.462906917299,
        -367.70203344137747
      ],
      [
        0.0,
        1.0,
        0.0,
        0.0,
        0.0,
        0.0,
        0.0,
        53092.24649731996,
        101095.2071084567,
        2118.658393692751,
        -9412.460262870254,
        -12.322882221117872,
        -9090.683676555815,
        -717.3489957069081
      ],
      [
        0.0,
        0.0,
        1.0,
        0.0,
        0.0,
        0.0,
        0.0,
        9592.405092644905,
        2118.658393692751,
        864.1204754871883,
        -4163.380572742072,
        -98.04227502441093,
        889.7317995707091,
        -11.687439915747392
      ],
      [
        0.0,
        0.0,
        0.0,
        1.0,
        0.0,
        0.0,
        0.0,
        -2599.16332520329,
        -9412.460262870254,
        -4163.380572742072,
        3741868.003111835,
        2479.601665027256,
        -766.6861289081276,
        -40.58202438007177
      ],
      [
        0.0,
        0.0,
        0.0,
        0.0,
        1.0,
        0.0,
        0.0,
        -17.410535878998935,
        -12.322882221117872,
        -98.04227502441093,
        2479.601665027256,
        2193.413377398078,
        -5.607340375160957,
        -3.928162725348014
      ],
      [
        0.0,
        0.0,
        0.0,
        0.0,
        0.0,
        1.0,
        0.0,
        7720.462906917299,
        -9090.683676555815,
        889.7317995707091,
        -766.6861289081276,
        -5.607340375160957,
        2601.1807456790903,
        77.41668282526142
      ],
      [
        0.0,
        0.0,
        0.0,
        0.0,
        0.0,
        0.0,
        1.0,
        -367.70203344137747,
        -717.3489957069081,
        -11.687439915747392,
        -40.58202438007177,
        -3.928162725348014,
        77.41668282526142,
        41.78010352663945
      ]
    ],
    "Abar": [
      [
        58.22433311161382,
        -0.9515789489241936,
        -0.29631174215081907,
        -0.0009487269851974688,
        -0.010798558230319333,
        -0.08131411637880166,
        0.03787089531268684,
        1.001444930477827,
        -0.02764347291159641,
        -0.0020506888127124106,
        -0.003672929092496983,
        -0.0001843847743776756,
        1.0446564506707554e-05,
        0.0004013277874152622
      ],
      [
        0.1846179615950426,
        39.290055999312266,
        11.332761264000773,
        0.01602051740568338,
        0.023405729936987703,
        -0.37241084632353866,
        -0.14715990996833575,
        -0.0003133229104811887,
        0.960004973720824,
        0.04902966953367597,
        0.001108490229808145,
        5.545346590290336e-05,
        -0.0015356973212578974,
        -0.00013998030176558832
      ],
      [
        -0.1164516625650449,
        -55.842153007039585,
        46.05789188208835,
        -0.01591927411833094,
        0.09715389825270848,
        -1.179483868808943,
        -0.29241520570642454,
        -0.012285101798781442,
        -1.5803438480906244,
        0.9455453507634238,
        0.043571438138250373,
        0.002185340957169677,
        -0.06064015591485192,
        -0.005940916143289164
      ],
      [
        -1.7653237875573953e-05,
        0.014866321870379368,
        0.004381530545831229,
        0.0024014617991359763,
        1.9660588161252013,
        -6.584619544099004e-05,
        -0.0006139519991519783,
        -1.757407100347815e-05,
        0.0003372617365619479,
        2.49474041246561e-05,
        0.020506105355499994,
        0.030871067616533496,
        -2.4268518336350765e-05,
        -5.293347215743938e-06
      ],
      [
        -0.006257847078530279,
        -0.06657100562973228,
        0.06377807609508077,
        -5.300812086887761,
        -0.0021479991457189628,
        -0.002993585418327123,
        0.0013688483953119236,
        -0.0005390522505376617,
        0.010489770157561867,
        0.0007745791344520055,
        -30.43371901855372,
        -0.018239607688472822,
        -0.0007408379022095229,
        -0.00016673236893913746
      ],
      [
        0.014206441233413986,
        -0.3746251101523763,
        0.19417050591265042,
        1.905117219477826e-05,
        0.0001607851051952765,
        50.48735398566205,
        1.2983596483682667,
        -0.05597529546579789,
