{
  "prob": "DDD",
  "meta": {
    "model": "correlated",
    "disturbance_type": "2W_correlated",
    "gamma": 0.5,
    "objective": 40.15534370403188,
    "spectral_radius_Acl": 1.0000362340977857,
    "Z_cost": 13.06071354512746,
    "lambda_opt": 1.8297500159144977,
    "trace_Q_Sigma": -9.919241853138606,
    "real_Z_mats": false,
    "N_sims": 1,
    "SNR": 5.784582263763002
  },
  "solver_performance": {
    "solver": "SCS",
    "status": "optimal_inaccurate",
    "num_violations": 7,
    "tot_constraints:": 16,
    "Time_seconds": 16.358950599999844,
    "attempt": 1,
    "Total_time": 16.358950599999844,
    "stress": 1.1184626353722331
  },
  "problem_params": {
    "Methodology": "Young",
    "FROM_DATA": true,
    "augmented": false,
    "reg_fro": false,
    "non_convex": false,
    "N_sims": 1
  },
  "controller": {
    "Ac": [
      [
        0.9950386581571472,
        -0.009569926305793742,
        -0.028945834407430638,
        -0.004839446475716098,
        -0.02576806694552716,
        -0.03793534657803135,
        0.6992544186600236
      ],
      [
        -9.074338628386779e-05,
        0.9632498376206812,
        -0.01737592208381669,
        -0.0059396784960040585,
        0.005854052075005927,
        0.03995094597920804,
        -0.10484632775940757
      ],
      [
        -0.0014467593714969074,
        -0.09095268110285283,
        0.8704962571080426,
        0.025520621872091004,
        -0.009952588034010217,
        -0.08579656129986321,
        0.16605631674799076
      ],
      [
        0.042035941675862436,
        0.01685897606895437,
        0.09514770909996259,
        -0.09118838165976399,
        0.07436785038191197,
        0.11227725215366682,
        -2.0218278130949123
      ],
      [
        0.0006329787101443457,
        0.05195597701304853,
        -0.04881747447004092,
        -0.004366753631603088,
        0.19093828959037437,
        -15.721554014044216,
        -0.09819979802393154
      ],
      [
        -1.291508298526335e-05,
        -0.002283896299283234,
        0.0021168353729020062,
        -4.889206625491592e-05,
        0.048889524207164615,
        -0.1867225393826202,
        -0.000998520164946648
      ],
      [
        -8.238683180064278e-05,
        -0.021829937483058566,
        0.012309772979443624,
        0.0007045086309223805,
        0.008237473507066396,
        -0.5864890850170479,
        -0.03961124701447785
      ]
    ],
    "Bc": [
      [
        1.3819173409885865,
        -0.8100900397232125,
        -0.30772057097506694
      ],
      [
        1.9493020612075835,
        3.5806501283471506,
        -0.04816978082088679
      ],
      [
        7.807080593667675,
        -1.987981174758546,
        0.13178510108719882
      ],
      [
        -3.503253865458436,
        2.2339108553810276,
        0.8800018165385056
      ],
      [
        -0.2437340627687161,
        -1.147064392148677,
        32.625389224269114
      ],
      [
        -0.0013744488545361243,
        0.3991303544594869,
        0.3737004754181812
      ],
      [
        0.34361688829087184,
        0.9506560543143323,
        1.1852108803590988
      ]
    ],
    "Cc": [
      [
        0.0035759421703678556,
        -0.00022000353350796743,
        -0.0008701772819586592,
        0.004699893193664128,
        -0.000616816874685349,
        -0.0009066218133840872,
        0.016788086526185256
      ]
    ],
    "Dc": [
      [
        0.03312172312717817,
        -0.018853263678924412,
        -0.007357554084915705
      ]
    ]
  },
  "plant": {
    "A": [
      [
        1.0000331811219165,
        -0.008262114930353575,
        -0.0007731275621736438,
        -0.012237483483679536,
        7.756273955523479e-05,
        -0.0005998806934821595,
        0.00017082647404800949
      ],
      [
        -3.17766857272766e-05,
        0.9597523493301281,
        0.04917902766653305,
        0.01202789632929144,
        -7.652746150769715e-05,
        -0.0018009950941864686,
        -0.00020939050890745304
      ],
      [
        -0.001267123932949334,
        -1.5883788842972943,
        0.9512255898987371,
        0.4746537316833687,
        -0.0030199470208928437,
        -0.07023658786766858,
        -0.008547670044969069
      ],
      [
        -5.272980162044565e-06,
        0.0003295205886321806,
        3.077738739317503e-05,
        0.020948437653841,
        0.03086642892661163,
        -3.3877542333619644e-05,
        -7.931637306421758e-06
      ],
      [
        -0.00016387610240507127,
        0.010238138138543835,
        0.0009569764307832211,
        -30.419974960745062,
        -0.01840554792274709,
        -0.001043975743685389,
        -0.0002493978405380012
      ],
      [
        7.1813198641108e-08,
        -3.41570835655077e-08,
        9.258526668433427e-10,
        7.890737507743826e-10,
        -9.525370320841491e-11,
        0.901689743450388,
        0.03449128393090829
      ],
      [
        3.6246586010378206e-09,
        -1.3959265218430199e-08,
        1.869201708416174e-10,
        -3.1813057503857105e-09,
        8.561733744960832e-10,
        -3.449044090942906,
        0.41880668074407024
      ]
    ],
    "Bw": [
      [
        0.02573514716679041,
        0.0001,
        0.0
      ],
      [
        -0.02531095940383865,
        0.0,
        0.0
      ],
      [
        -0.9988403817390822,
        0.0,
        0.0
      ],
      [
        -0.0010248077940095118,
        0.0,
        0.0
      ],
      [
        -0.03184178246692421,
        0.0,
        0.0
      ],
      [
        -2.0508359187733327e-19,
        0.0,
        0.0
      ],
      [
        1.484204798667087e-16,
        0.0,
        0.0
      ]
    ],
    "Bu": [
      [
        -0.000955767254742795
      ],
      [
        0.0008747558713672677
      ],
      [
        0.033683001157617444
      ],
      [
        3.6119070669436555e-05
      ],
      [
        0.0011135796389957345
      ],
      [
        0.09832746905449918
      ],
      [
        3.449043069090113
      ]
    ],
    "Cz": [
      [
        0.9999999955070722,
        -9.123876990349348e-11,
        2.317162316456724e-11,
        1.9943007012551947e-10,
        -1.0429015612857586e-11,
        7.007255067840308e-12,
        2.251928507927477e-11
      ],
      [
        -9.123870690818154e-11,
        0.9999999758561333,
        1.4190042443881286e-12,
        1.7973104061269806e-09,
        7.696087672126311e-11,
        7.89179191689285e-10,
        2.6260233304332573e-10
      ],
      [
        2.3171644852961947e-11,
        1.4189810504614687e-12,
        0.9999999992567107,
        3.6437547722249125e-10,
        -1.1203584537776762e-11,
        -3.435032886927481e-11,
        1.618332579621192e-11
      ],
      [
        1.9942987687175436e-10,
        1.7973102636339827e-09,
        3.643754597029474e-10,
        0.9999894266652318,
        -1.0253405368440167e-08,
        6.637972853425221e-10,
        2.2854336207609732e-10
      ],
      [
        -1.042897791368905e-11,
        7.696097934930395e-11,
        -1.1203599506416867e-11,
        -1.0253405795192351e-08,
        0.9999999886051155,
        -1.1488162177903196e-10,
        -2.5816316532018847e-11
      ],
      [
        7.007304626566911e-12,
        7.891792148639118e-10,
        -3.435046373115379e-11,
        6.637968078634453e-10,
        -1.1487954660868612e-10,
        0.9999999874475535,
        -1.9786000333273598e-09
      ],
      [
        2.2519264472910024e-11,
        2.6260178296592673e-10,
        1.618336400080559e-11,
        2.2853872471685983e-10,
        -2.5815785767103995e-11,
        -1.978594930502318e-09,
        0.9999999992486136
      ],
      [
        -1.3103079224486527e-10,
        -1.6706913223844098e-09,
        2.952121842254416e-11,
        -2.6493365777206564e-10,
        1.3598523842874445e-10,
        1.3623192032576929e-08,
        4.009119275371301e-09
      ]
    ],
    "Dzw": [
      [
        -1.3357370765021415e-16,
        0.0,
        0.0
      ],
      [
        1.4363510381087963e-15,
        0.0,
        0.0
      ],
      [
        3.469446951953614e-17,
        0.0,
        0.0
      ],
      [
        2.06809829678134e-13,
        0.0,
        0.0
      ],
      [
        3.608224830031759e-16,
        0.0,
        0.0
      ],
      [
        1.734723475976807e-17,
        0.0,
        0.0
      ],
      [
        2.914335439641036e-16,
        0.0,
        0.0
      ],
      [
        -2.7755575615628914e-17,
        0.0,
        0.0
      ]
    ],
    "Dzu": [
      [
        -1.3103075944180246e-10
      ],
      [
        -1.670691453312528e-09
      ],
      [
        2.952118746531947e-11
      ],
      [
        -2.649344177752105e-10
      ],
      [
        1.3598819846359244e-10
      ],
      [
        1.3623193181169286e-08
      ],
      [
        4.0091104323133095e-09
      ],
      [
        0.9999999726581287
      ]
    ],
    "Cy": [
      [
        0.9999999955076989,
        -8.323231335826967e-11,
        2.303014859659919e-11,
        2.006994275954858e-10,
        -1.1080688379692396e-11,
        -5.827928573402166e-11,
        3.3063574547204187e-12
      ],
      [
        2.3030196630273632e-11,
        -3.848678931918065e-13,
        0.9999999992567447,
        3.64090332176169e-10,
        -1.1056753952277998e-11,
        -1.964149538199547e-11,
        2.051195613337324e-11
      ],
      [
        -1.1080691378928676e-11,
        6.865166371346676e-11,
        -1.1056763353360296e-11,
        -1.0254723429976378e-08,
        0.9999999886057879,
        -4.712435653395003e-11,
        -5.8764026124581924e-12
      ]
    ],
    "Dyw": [
      [
        -8.854276704399195e-17,
        0.0,
        0.0001
      ],
      [
        -2.0052286300898953e-16,
        0.0,
        0.0
      ],
      [
        2.0118556920200601e-16,
        0.0,
        0.0
      ]
    ]
  },
  "plant_dims": {
    "nx": 7,
    "nu": 1,
    "nw": 3,
    "ny": 3,
    "nz": 8
  },
  "initial_conds": {
    "X": [
      [
        0.07
      ],
      [
        0.0
      ],
      [
        0.0
      ],
      [
        0.0
      ],
      [
        0.0
      ],
      [
        0.0
      ],
      [
        0.0
      ]
    ],
    "Xc": [
      [
        0.0
      ],
      [
        0.0
      ],
      [
        0.0
      ],
      [
        0.0
      ],
      [
        0.0
      ],
      [
        0.0
      ],
      [
        0.0
      ]
    ]
  },
  "composite_closed_loop": {
    "Acl": [
      [
        1.0000015244636735,
        -0.008262114930350464,
        -0.0007551082301184959,
        -0.01223748348375144,
        8.45948487446225e-05,
        -0.0005998806934809998,
        0.0001708264740482331,
        -3.4177684312914777e-06,
        2.1027217325462455e-07,
        8.316869519171748e-07,
        -4.492004015292711e-06,
        5.895333709970466e-07,
        8.665194416680437e-07,
        -1.6045503371516588e-05
      ],
      [
        -2.8032640824423086e-06,
        0.9597523493301252,
        0.04916253566344847,
        0.01202789632935725,
        -8.296352506918422e-05,
        -0.00180099509418753,
        -0.0002093905089076577,
        3.1280764091990917e-06,
        -1.9244938265763991e-07,
        -7.611926865237475e-07,
        4.111259165956755e-06,
        -5.395641826894171e-07,
        -7.930727543673695e-07,
        1.468547725780227e-05
      ],
      [
        -0.00015148489953797288,
        -1.588378884297404,
        0.9505905553969154,
        0.4746537316859028,
        -0.0032677715208338683,
        -0.07023658786770945,
        -0.00854767004497695,
        0.00012044846426407351,
        -7.410379273828795e-06,
        -2.9310182395545918e-05,
        0.00015830650788286718,
        -2.0776243504064584e-05,
        -3.0537743589737435e-05,
        0.0005654731378956798
      ],
      [
        -4.076654309107499e-06,
        0.00032952058863206304,
        3.0096425030543053e-05,
        0.020948437653843716,
        0.030866163178598704,
        -3.3877542333663466e-05,
        -7.931637306430208e-06,
        1.291597079613349e-07,
        -7.946323174300029e-09,
        -3.142999474200303e-08,
        1.697557744007585e-07,
        -2.227885228686111e-08,
        -3.2746337348072565e-08,
        6.063700836439009e-07
      ],
      [
        -0.00012699242608827684,
        0.010238138138540211,
        0.0009359818202382974,
        -30.419974960744977,
        -0.01841374114507568,
        -0.0010439757436867402,
        -0.0002493978405382617,
        3.98209639114786e-06,
        -2.4499145542158837e-07,
        -9.690117035058133e-07,
        5.23370536591901e-06,
        -6.868747126385881e-07,
        -1.00959559165391e-06,
        1.8694871333258534e-05
      ],
      [
        0.0032568470043528503,
        -3.415740358700006e-08,
        -0.0018537927736522416,
        7.964712116274062e-10,
        -0.0007234497586275076,
        0.9016897434502686,
        0.03449128393088529,
        0.000351613343097524,
        -2.163239063288514e-05,
        -8.556232976371828e-05,
        0.0004621286025594609,
        -6.065004215791655e-05,
        -8.914582829965777e-05,
        0.0016507300583877354
      ],
      [
        0.11423825269836518,
        -1.3970490646286722e-08,
        -0.06502571818336021,
        -2.9218242308334823e-09,
        -0.02537651977726219,
        -3.4490440909470905,
        0.41880668074326327,
        0.012333578558174308,
        -0.0007588016624209895,
        -0.0030012789232191864,
        0.016210134045071056,
        -0.0021274279665313275,
        -0.0031269776817382956,
        0.057902833476424366
      ],
      [
        1.3819173347653508,
        -1.3583392866980118e-10,
        -0.8100900390858806,
        3.1379934167289827e-09,
        -0.3077205674751891,
        -5.012464190258953e-11,
        -1.0239128689515078e-11,
        0.9950386581571472,
        -0.009569926305793742,
        -0.028945834407430638,
        -0.004839446475716098,
        -0.02576806694552716,
        -0.03793534657803135,
        0.6992544186600236
      ],
      [
        1.9493020525337288,
        -1.6692993285357142e-10,
        3.580650125731238,
        2.1888716825323933e-09,
        -0.048169780333220065,
        -1.816632848419405e-10,
        8.017429278904698e-11,
        -9.074338628386779e-05,
        0.9632498376206812,
        -0.01737592208381669,
        -0.0059396784960040585,
        0.005854052075005927,
        0.03995094597920804,
        -0.10484632775940757
      ],
      [
        7.807080558548674,
        -6.399890018166961e-10,
        -1.9879811731026273,
        -5.08347883777585e-10,
        0.13178509952108422,
        -4.2215444569287573e-10,
        -1.5738805842454752e-11,
        -0.0014467593714969074,
        -0.09095268110285283,
        0.8704962571080426,
        0.025520621872091004,
        -0.009952588034010217,
        -0.08579656129986321,
        0.16605631674799076
      ],
      [
        -3.5032538496790684,
        3.5113775171515863e-10,
        2.2339108536302508,
        -8.91393094661074e-09,
        0.8800018065256969,
        1.1882026392102783e-10,
        2.9067626963930476e-11,
        0.042035941675862436,
        0.01685897606895437,
        0.09514770909996259,
        -0.09118838165976399,
        0.07436785038191197,
        0.11227725215366682,
        -2.0218278130949123
      ],
      [
        -0.2437340620617183,
        2.260515267689897e-09,
        -1.1470643916624597,
        -3.350308956326594e-07,
        32.62538885254389,
        -1.5007157668148976e-09,
        -2.160543288992731e-10,
        0.0006329787101443457,
        0.05195597701304853,
        -0.04881747447004092,
        -0.004366753631603088,
        0.19093828959037437,
        -15.721554014044216,
        -0.09819979802393154
      ],
      [
        -0.0013744488433104951,
        2.5615945467097573e-11,
        0.3991303541586676,
        -3.687151368825752e-09,
        0.3737004711557608,
        -2.5369809556922917e-11,
        5.9863854529301105e-12,
        -1.291508298526335e-05,
        -0.002283896299283234,
        0.0021168353729020062,
        -4.889206625491592e-05,
        0.048889524207164615,
        -0.1867225393826202,
        -0.000998520164946648
      ],
      [
        0.3436168867560022,
        5.240079327376136e-11,
        0.950656053602561,
        -1.1738921392888669e-08,
        1.185210866840236,
        -9.455035341037908e-11,
        1.3671159230533547e-11,
        -8.238683180064278e-05,
        -0.021829937483058566,
        0.012309772979443624,
        0.0007045086309223805,
        0.008237473507066396,
        -0.5864890850170479,
        -0.03961124701447785
      ]
    ],
    "Bcl": [
      [
        0.02573514716679041,
        0.0001,
        -3.1656658385614026e-09
      ],
      [
        -0.02531095940383865,
        0.0,
        2.8973421775300123e-09
      ],
      [
        -0.9988403817390822,
        0.0,
        1.1156390384350268e-07
      ],
      [
        -0.0010248077940095118,
        0.0,
        1.1963258583240596e-10
      ],
      [
        -0.03184178246692421,
        0.0,
        3.6883676482879738e-09
      ],
      [
        -2.672670938652796e-19,
        0.0,
        3.2567752058193016e-07
      ],
      [
        1.4623926256694882e-16,
        0.0,
        1.1423824958811557e-05
      ],
      [
        -2.182614936362573e-17,
        0.0,
        0.00013819173409885865
      ],
      [
        -9.002898782463388e-16,
        0.0,
        0.00019493020612075835
      ],
      [
        -2.6611158095365736e-16,
        0.0,
        0.0007807080593667675
      ],
      [
        3.9281256836484694e-17,
        0.0,
        -0.00035032538654584364
      ],
      [
        6.81535102583131e-15,
        0.0,
        -2.437340627687161e-05
      ],
      [
        -4.729921027201015e-18,
        0.0,
        -1.3744488545361243e-07
      ],
      [
        1.73942617491965e-17,
        0.0,
        3.4361688829087186e-05
      ]
    ],
    "Ccl": [
      [
        0.9999999955027322,
        -9.123876990306702e-11,
        2.564198062042654e-11,
        1.9943007011566165e-10,
        -9.464949724440941e-12,
        7.007255067999286e-12,
        2.251928507930543e-11,
        -4.685584183032674e-13,
        2.882723007542901e-14,
        1.1401999010404658e-13,
        -6.158305744611691e-13,
        8.082198352654038e-14,
        1.1879534473422106e-13,
        -2.1997557271007454e-12
      ],
      [
        -1.4657488640656602e-10,
        0.9999999758561333,
        3.2916990714993294e-11,
        1.7973104060012896e-09,
        8.925307930842139e-11,
        7.89179191691312e-10,
        2.626023330437166e-10,
        -5.974296021573428e-12,
        3.675580231303176e-13,
        1.453797747835058e-12,
        -7.852071390136381e-12,
        1.030510680795757e-12,
        1.5146853150075003e-12,
        -2.8047712676768917e-11
      ],
      [
        2.414943744617083e-11,
        1.4189810503653875e-12,
        0.9999999992561541,
        3.6437547722471223e-10,
        -1.1420788268733601e-11,
        -3.435032886931063e-11,
        1.618332579620501e-11,
        1.0556605917657084e-13,
        -6.494765555721401e-15,
        -2.568866666876374e-14,
        1.3874642803713778e-13,
        -1.8209166589358655e-14,
        -2.6764552513059525e-14,
        4.956042495235189e-13
      ],
      [
        1.9065479247885745e-10,
        1.797310263634845e-09,
        3.6937033813494967e-10,
        0.9999894266652318,
        -1.0251456099154598e-08,
        6.637972853428435e-10,
        2.285433620761593e-10,
        -9.473901569042303e-13,
        5.828650805842236e-14,
        2.3053991155693256e-13,
        -1.2451634668690804e-12,
        1.634160195686879e-13,
        2.401953222712187e-13,
        -4.447741929374747e-12
      ],
      [
        -5.924814475896203e-12,
        7.696097934886136e-11,
        -1.3767420867252511e-11,
        -1.025340579518212e-08,
        0.999999988604115,
        -1.1488162177919696e-10,
        -2.5816316532050665e-11,
        4.862859335583135e-13,
        -2.9917884177373086e-14,
        -1.1833384091750357e-13,
        6.391300083776848e-13,
        -8.387981557040406e-14,
        -1.2328986708989733e-13,
        2.2829816423468428e-12
      ],
      [
        4.5823093524948073e-10,
        7.891792148195731e-10,
        -2.9119211672226445e-10,
        6.637968088883576e-10,
        -2.151129261084736e-10,
        0.9999999874475535,
        -1.9786000333305473e-09,
        4.871575099161107e-11,
        -2.9971506375188902e-12,
        -1.1854593213987629e-11,
        6.402755290814909e-11,
        -8.403015441243596e-12,
        -1.235108410599343e-11,
        2.2870734588840693e-10
      ],
      [
        1.5530790960033257e-10,
        2.6260178295287847e-10,
        -5.940145203796077e-11,
        2.2853872501847684e-10,
        -5.5313032269786734e-11,
        -1.978594930507182e-09,
        0.9999999992486136,
        1.4336347060570868e-11,
        -8.82018461332583e-13,
        -3.488636819062501e-12,
        1.8842390833477176e-11,
        -2.472886967127924e-12,
        -3.6347469702009545e-12,
        6.730529283070782e-11
      ],
      [
        0.03312172194139207,
        -1.6739459722466282e-09,
        -0.018853263119062744,
        -1.8970075773003416e-10,
        -0.007357553664086195,
        1.3621978748537371e-08,
        4.008885306266366e-09,
        0.003575942072594905,
        -0.00022000352749265912,
        -0.000870177258166384,
        0.004699893065160253,
        -0.0006168168578204213,
        -0.0009066217885953503,
        0.016788086067167553
      ]
    ],
    "Dcl": [
      [
        -1.335737076501313e-16,
        0.0,
        -4.3399645353752677e-16
      ],
      [
        1.4363510381098528e-15,
        0.0,
        -5.533617974756047e-15
      ],
      [
        3.4694469519517474e-17,
        0.0,
        9.777925976118344e-17
      ],
      [
        2.0680982967813417e-13,
        0.0,
        -8.775084432410674e-16
      ],
      [
        3.608224830030899e-16,
        0.0,
        4.504163458074865e-16
      ],
      [
        1.7347234751152594e-17,
        0.0,
        4.512236326547507e-14
      ],
      [
        2.914335439615682e-16,
        0.0,
        1.32788645725363e-14
      ],
      [
        -2.838798790982991e-17,
        0.0,
        3.3121722221568278e-06
      ]
    ]
  },
  "Acl_eigenvals": {
    "cartesian": [
      {
        "re": 0.0012623850595784789,
        "im": 0.9688008968114961,
        "abs": 0.9688017192794395
      },
      {
        "re": 0.0012623850595784789,
        "im": -0.9688008968114961,
        "abs": 0.9688017192794395
      },
      {
        "re": 9.558278789825736e-05,
        "im": 0.8563915316100394,
        "abs": 0.8563915369440886
      },
      {
        "re": 9.558278789825736e-05,
        "im": -0.8563915316100394,
        "abs": 0.8563915369440886
      },
      {
        "re": -0.09405477942542811,
        "im": 0.0,
        "abs": 0.09405477942542811
      },
      {
        "re": -0.039885197760689696,
        "im": 0.0,
        "abs": 0.039885197760689696
      },
      {
        "re": 0.6602554853425947,
        "im": 0.2463077706464082,
        "abs": 0.7047019396920864
      },
      {
        "re": 0.6602554853425947,
        "im": -0.2463077706464082,
        "abs": 0.7047019396920864
      },
      {
        "re": 0.955509544458732,
        "im": 0.2794117925613671,
        "abs": 0.9955247055568686
      },
      {
        "re": 0.955509544458732,
        "im": -0.2794117925613671,
        "abs": 0.9955247055568686
      },
      {
        "re": 0.8580345268294962,
        "im": 0.0,
        "abs": 0.8580345268294962
      },
      {
        "re": 0.982311176654047,
        "im": 0.0,
        "abs": 0.982311176654047
      },
      {
        "re": 0.9948884686195817,
        "im": 0.0,
        "abs": 0.9948884686195817
      },
      {
        "re": 1.0000362340977857,
        "im": 0.0,
        "abs": 1.0000362340977857
      }
    ],
    "polar": [
      {
        "abs": 0.9688017192794395,
        "ang_rad": 1.5694932888339885
      },
      {
        "abs": 0.9688017192794395,
        "ang_rad": -1.5694932888339885
      },
      {
        "abs": 0.8563915369440886,
        "ang_rad": 1.5706847157105113
      },
      {
        "abs": 0.8563915369440886,
        "ang_rad": -1.5706847157105113
      },
      {
        "abs": 0.09405477942542811,
        "ang_rad": 3.141592653589793
      },
      {
        "abs": 0.039885197760689696,
        "ang_rad": 3.141592653589793
      },
      {
        "abs": 0.7047019396920864,
        "ang_rad": 0.35705927067922727
      },
      {
        "abs": 0.7047019396920864,
        "ang_rad": -0.35705927067922727
      },
      {
        "abs": 0.9955247055568686,
        "ang_rad": 0.28448987141541787
      },
      {
        "abs": 0.9955247055568686,
        "ang_rad": -0.28448987141541787
      },
      {
        "abs": 0.8580345268294962,
        "ang_rad": 0.0
      },
      {
        "abs": 0.982311176654047,
        "ang_rad": 0.0
      },
      {
        "abs": 0.9948884686195817,
        "ang_rad": 0.0
      },
      {
        "abs": 1.0000362340977857,
        "ang_rad": 0.0
      }
    ]
  },
  "disturbance": {
    "Sigma_nom": [
      [
        1.0,
        0.0,
        0.0
      ],
      [
        0.0,
        1.0,
        0.0
      ],
      [
        0.0,
        0.0,
        1.0
      ]
    ]
  },
  "dro_variables": {
    "Q": [
      [
        -3.288772572756205,
        9.241078101899369e-05,
        1.3347650410013526e-05
      ],
      [
        9.241078101899369e-05,
        -3.315209567815784,
        5.916551563279825e-06
      ],
      [
        1.3347650410013526e-05,
        5.916551563279825e-06,
        -3.315259712566618
      ]
    ],
    "X": [
      [
        113802.28145188144,
        47898.707805153455,
        1736.2868278708609,
        163.10842923035267,
        -3.5278308617026313,
        10328.485595189759,
        588.3840390190879
      ],
      [
        47898.707805153455,
        204721.9377693346,
        -3852.4769717071094,
        -4960.808063953761,
        -27.954431867091785,
        -4477.13668283536,
        -774.7871252762875
      ],
      [
        1736.2868278708609,
        -3852.4769717071094,
        190.86459311902027,
        -3279.4396873072733,
        -51.45134108867705,
        384.0035631191086,
        34.46296798370303
      ],
      [
        163.10842923035267,
        -4960.808063953761,
        -3279.4396873072733,
        3271210.5942748655,
        2182.8063453032473,
        -19.37209473594978,
        8.293144117349726
      ],
      [
        -3.5278308617026313,
        -27.954431867091785,
        -51.45134108867705,
        2182.8063453032473,
        1797.521460875601,
        -0.933482937222296,
        0.34927633712755396
      ],
      [
        10328.485595189759,
        -4477.13668283536,
        384.0035631191086,
        -19.37209473594978,
        -0.933482937222296,
        2940006.3081060695,
        50877.93816571468
      ],
      [
        588.3840390190879,
        -774.7871252762875,
        34.46296798370303,
        8.293144117349726,
        0.34927633712755396,
        50877.93816571468,
        53816.58838708879
      ]
    ],
    "Y": [
      [
        45.68560667401779,
        0.023190770762298973,
        0.030440131740413535,
        0.0007376484300875849,
        -0.007669719724529123,
        0.007602080158525449,
        -0.001165275840354378
      ],
      [
        0.023190770762298973,
        31.526467709671486,
        6.56697592721864,
        0.040238393527310505,
        0.09755243063718554,
        -0.32935183735787543,
        -0.15297876747416797
      ],
      [
        0.030440131740413535,
        6.56697592721864,
        48.49398154011456,
        -0.016892209623879995,
        0.07628861067185227,
        0.1839797648293135,
        0.07309652734717109
      ],
      [
        0.0007376484300875849,
        0.040238393527310505,
        -0.016892209623879995,
        0.12203495545251032,
        -0.02003340824110695,
        0.0001637320409786558,
        0.0006377257583068649
      ],
      [
        -0.007669719724529123,
        0.09755243063718554,
        0.07628861067185227,
        -0.02003340824110695,
        33.12695602625731,
        0.009768266080954944,
        0.023013941052649537
      ],
      [
        0.007602080158525449,
        -0.32935183735787543,
        0.1839797648293135,
        0.0001637320409786558,
        0.009768266080954944,
        42.52953071588162,
        3.597787315386105
      ],
      [
        -0.001165275840354378,
        -0.15297876747416797,
        0.07309652734717109,
        0.0006377257583068649,
        0.023013941052649537,
        3.597787315386105,
        43.27226492659185
      ]
    ],
    "K": [
      [
        0.7574340756384029,
        8.284644878937547,
        -10.891181743502989,
        2.11346628333082,
        0.12412678568101576,
        0.23060644601989896,
        -0.12647867908991986
      ],
      [
        -1.2827401259953306,
        -37.87670885860373,
        62.260090597841895,
        4.843514435978104,
        8.003258207282064,
        -0.8994377056661192,
        -0.030479323700634678
      ],
      [
        0.040493980816668586,
        0.27735296024595074,
        -1.2966508463626025,
        -0.149796031761673,
        4.351735976495445,
        0.297482036824395,
        -0.4806158103109475
      ],
      [
        -1.7930998817469592,
        -22.22309032725023,
        79.78673614819529,
        18.535975921785766,
        -3334.117638175945,
        -0.49043032488626986,
        -1.0265076864969374
      ],
      [
        0.004693344581577734,
        0.14234851441350507,
        -0.05428836999604971,
        -0.00308081929351123,
        -2.249637049663644,
        -0.002241386455194027,
        0.008155986291917858
      ],
      [
        -0.08318958099769297,
        -2.177322153681682,
        3.410360164090504,
        0.24552828601402024,
        -0.25469366053955295,
        0.1349404745857297,
        -0.5504520382989487
      ],
      [
        0.01608219993611067,
        0.7997768598485686,
        -1.3996781896944037,
        0.035545988294390395,
        -0.09407674248759862,
        -0.08191676485007617,
        -0.17254394217810629
      ]
    ],
    "L": [
      [
        -15693.699567492898,
        -2404.1926147604086,
        -14.960194854494313
      ],
      [
        3843.6292856993805,
        -10433.039425456744,
        -44.29172390036408
      ],
      [
        -513.2959895317942,
        150.10839282024034,
        25.028477933839365
      ],
      [
        -7.599950162789205,
        923.085947875625,
        -22211.897056031878
      ],
      [
        -1.3708409314095498,
        102.00366253957912,
        -18.183732992280923
      ],
      [
        63.85920120597466,
        240.08563180809588,
        6.469730641158088
      ],
      [
        434.98884550736716,
        58.713735162247374,
        2.0036580333323313
      ]
    ],
    "M": [
      [
        0.011479750242834529,
        -0.21531259562906857,
        0.0883876863995975,
        -0.0053274755268054065,
        0.0006912888894023844,
        40.63925205492905,
        -2.971929405212143
      ]
    ],
    "N": [
      [
        0.03312172312717817,
        -0.018853263678924412,
        -0.007357554084915705
      ]
    ],
    "Pbar": [
      [
        45.68560667401779,
        0.023190770762298973,
        0.030440131740413535,
        0.0007376484300875849,
        -0.007669719724529123,
        0.007602080158525449,
        -0.001165275840354378,
        1.0,
        0.0,
        0.0,
        0.0,
        0.0,
        0.0,
        0.0
      ],
      [
        0.023190770762298973,
        31.526467709671486,
        6.56697592721864,
        0.040238393527310505,
        0.09755243063718554,
        -0.32935183735787543,
        -0.15297876747416797,
        0.0,
        1.0,
        0.0,
        0.0,
        0.0,
        0.0,
        0.0
      ],
      [
        0.030440131740413535,
        6.56697592721864,
        48.49398154011456,
        -0.016892209623879995,
        0.07628861067185227,
        0.1839797648293135,
        0.07309652734717109,
        0.0,
        0.0,
        1.0,
        0.0,
        0.0,
        0.0,
        0.0
      ],
      [
        0.0007376484300875849,
        0.040238393527310505,
        -0.016892209623879995,
        0.12203495545251032,
        -0.02003340824110695,
        0.0001637320409786558,
        0.0006377257583068649,
        0.0,
        0.0,
        0.0,
        1.0,
        0.0,
        0.0,
        0.0
      ],
      [
        -0.007669719724529123,
        0.09755243063718554,
        0.07628861067185227,
        -0.02003340824110695,
        33.12695602625731,
        0.009768266080954944,
        0.023013941052649537,
        0.0,
        0.0,
        0.0,
        0.0,
        1.0,
        0.0,
        0.0
      ],
      [
        0.007602080158525449,
        -0.32935183735787543,
        0.1839797648293135,
        0.0001637320409786558,
        0.009768266080954944,
        42.52953071588162,
        3.597787315386105,
        0.0,
        0.0,
        0.0,
        0.0,
        0.0,
        1.0,
        0.0
      ],
      [
        -0.001165275840354378,
        -0.15297876747416797,
        0.07309652734717109,
        0.0006377257583068649,
        0.023013941052649537,
        3.597787315386105,
        43.27226492659185,
        0.0,
        0.0,
        0.0,
        0.0,
        0.0,
        0.0,
        1.0
      ],
      [
        1.0,
        0.0,
        0.0,
        0.0,
        0.0,
        0.0,
        0.0,
        113802.28145188144,
        47898.707805153455,
        1736.2868278708609,
        163.10842923035267,
        -3.5278308617026313,
        10328.485595189759,
        588.3840390190879
      ],
      [
        0.0,
        1.0,
        0.0,
        0.0,
        0.0,
        0.0,
        0.0,
        47898.707805153455,
        204721.9377693346,
        -3852.4769717071094,
        -4960.808063953761,
        -27.954431867091785,
        -4477.13668283536,
        -774.7871252762875
      ],
      [
        0.0,
        0.0,
        1.0,
        0.0,
        0.0,
        0.0,
        0.0,
        1736.2868278708609,
        -3852.4769717071094,
        190.86459311902027,
        -3279.4396873072733,
        -51.45134108867705,
        384.0035631191086,
        34.46296798370303
      ],
      [
        0.0,
        0.0,
        0.0,
        1.0,
        0.0,
        0.0,
        0.0,
        163.10842923035267,
        -4960.808063953761,
        -3279.4396873072733,
        3271210.5942748655,
        2182.8063453032473,
        -19.37209473594978,
        8.293144117349726
      ],
      [
        0.0,
        0.0,
        0.0,
        0.0,
        1.0,
        0.0,
        0.0,
        -3.5278308617026313,
        -27.954431867091785,
        -51.45134108867705,
        2182.8063453032473,
        1797.521460875601,
        -0.933482937222296,
        0.34927633712755396
      ],
      [
        0.0,
        0.0,
        0.0,
        0.0,
        0.0,
        1.0,
        0.0,
        10328.485595189759,
        -4477.13668283536,
        384.0035631191086,
        -19.37209473594978,
        -0.933482937222296,
        2940006.3081060695,
        50877.93816571468
      ],
      [
        0.0,
        0.0,
        0.0,
        0.0,
        0.0,
        0.0,
        1.0,
        588.3840390190879,
        -774.7871252762875,
        34.46296798370303,
        8.293144117349726,
        0.34927633712755396,
        50877.93816571468,
        53816.58838708879
      ]
    ],
    "Abar": [
      [
        45.68684592149656,
        -0.24247793956904373,
        -0.061281008875172786,
        -0.0010715856048861567,
        -0.005722983981155869,
        -0.05356172551404459,
        0.008110048582076028,
        1.0000007331408802,
        -0.008262408873050164,
        -0.000755135482080246,
        -0.012237484306596375,
        8.459481386526785e-05,
        -0.0005999294167101946,
        0.00017082232125356707
      ],
      [
        0.022293479551289557,
        30.581426940142478,
        8.68706672819086,
        0.039252338315201966,
        0.0945802270299477,
        -0.3488457623884704,
        -0.16136068640146808,
        -3.136326644835131e-06,
        0.9597509433090207,
        0.04916249139562981,
        0.012027890807780052,
        -8.296246172912432e-05,
        -0.0018009847247919437,
        -0.00020938716695872192
      ],
      [
        -0.06553419648105809,
        -43.79333607390764,
        35.67901382336727,
        -0.02219460114353143,
        -0.19278290232823408,
        -0.950849573556271,
        -0.40992266121323867,
        -0.0001514969726950715,
        -1.5883788563724859,
        0.9505905554496058,
        0.4746537211204374,
        -0.0032677708225487706,
        -0.0702365894092198,
        -0.008547670233379169
      ],
      [
        -0.00045348030580324755,
        0.014448974404511003,
        0.005654558098149004,
        0.001950627260744513,
        1.0221019603707568,
        0.00020053229900519345,
        0.00010309983220534665,
        -4.0776960634512235e-06,
        0.00032950983332306725,
        3.0119098531126506e-05,
        0.020948434124503132,
        0.030865461304133684,
        -3.387809863351266e-05,
        -7.931674942689118e-06
      ],
      [
        -0.029513160410217315,
        -0.8966512358664376,
        0.6259808084878826,
        -3.7115420996307438,
        0.000753835715137396,
        -0.008399680823216266,
        -0.039176752803837464,
        -0.00012699239989187388,
        0.01023813762357099,
        0.0009359821572443722,
        -30.41997458067014,
        -0.01841374138459999,
        -0.0010439757417129059,
        -0.0002493978411745009
      ],
      [
        0.007943170524414313,
        -0.3234149334449033,
        0.1771015706513509,
        -0.0003542089695972618,
        0.0096695076451542,
        42.467753619835044,
        4.444282750207814,
        0.0032567751846565222,
        5.560435565311269e-10,
        -0.001853793726613438,
        5.877566595817771e-10,
        -0.0007234497543193644,
        0.9016725306533514,
        0.03449043067123833
      ],
      [
        0.012886204121039233,
        0.32925750624988426,
        -0.29908794702996094,
        -0.018672328447970087,
        -0.021668469814357643,
        -5.012877888817769,
        -4.536529767786848,
        0.11423824860705867,
        -8.385445350175939e-09,
        -0.06502571814321785,
        -2.848028163216814e-09,
        -0.025376519779008334,
        -3.4490431192538864,
        0.41880651181851214
      ],
      [
        0.7574340756384029,
        8.284644878937547,
        -10.891181743502989,
        2.11346628333082,
        0.12412678568101576,
        0.23060644601989896,
        -0.12647867908991986,
        98108.52957842199,
        42272.685362788354,
        1515.0324705815037,
        118.33518939077636,
        -9.942998863665332,
        7007.058938854584,
        597.2219572790596
      ],
      [
        -1.2827401259953306,
        -37.87670885860373,
        62.260090597841895,
        4.843514435978104,
        8.003258207282064,
        -0.8994377056661192,
        -0.030479323700634678,
        51742.227290125404,
        202203.5863156335,
        -4066.80998040563,
        794.0728413413888,
        -197.2133601274204,
        -1491.291796416395,
        -480.6122219892895
      ],
      [
        0.040493980816668586,
        0.27735296024595074,
