{
  "prob": "DDD",
  "meta": {
    "model": "independent",
    "disturbance_type": "2W_independent",
    "gamma": 0.5,
    "objective": 3736.8675304375106,
    "spectral_radius_Acl": 1.0004145269095392,
    "Z_cost": 9.876124536278788,
    "lambda_opt": 1056.874317361546,
    "trace_Q_Sigma": 670.1252321044021,
    "real_Z_mats": false,
    "N_sims": 71,
    "SNR": 3.564181314254686
  },
  "solver_performance": {
    "solver": "SCS",
    "status": "optimal_inaccurate",
    "num_violations": 6,
    "tot_constraints:": 17,
    "Time_seconds": 33.16219419997651,
    "attempt": 1,
    "Total_time": 33.16219419997651,
    "stress": 0.6775411139717623
  },
  "problem_params": {
    "Methodology": "Young",
    "FROM_DATA": true,
    "augmented": false,
    "reg_fro": false,
    "non_convex": false,
    "N_sims": 71
  },
  "controller": {
    "Ac": [
      [
        0.8969464603451939,
        0.10591262707654966,
        -0.00021453225078085376,
        -0.00944473131431415,
        0.18300105660329438,
        0.26856852054447095,
        -0.14724464750224664
      ],
      [
        -0.1019443376682339,
        0.9919924133674057,
        -0.030399441192646977,
        0.33295278041700116,
        -0.44517535583746226,
        0.03564832261452394,
        0.06724803871421291
      ],
      [
        0.033371899749114205,
        -0.08123139988496263,
        0.14962440290854312,
        16.093003564680682,
        0.0363352788582399,
        -0.04489774587970365,
        0.19687391660738576
      ],
      [
        0.0015194385520584687,
        -0.005227441871530823,
        -0.0481100939878413,
        -0.14090158400094926,
        -0.002372544688708924,
        0.0013762935278370156,
        -0.0020698250190166324
      ],
      [
        -0.0508016729356253,
        0.0012484345021206117,
        0.02491255863915727,
        -0.5153767397893803,
        0.7581977609372312,
        -0.1359269630853774,
        0.19556580956593125
      ],
      [
        -0.14951728485374616,
        -0.032626629503248954,
        -0.02952729476358593,
        0.05456569768369836,
        -0.77508187607921,
        0.11279231112759831,
        -0.22233513948880726
      ],
      [
        0.03867412634505924,
        -0.04447949536312704,
        -0.004278940560208789,
        -0.38851848400128275,
        -0.09151383847311363,
        0.03215113241073092,
        0.04502603501571896
      ]
    ],
    "Bc": [
      [
        3.8311834521876897,
        -0.7129828753680063,
        0.00845162472044718
      ],
      [
        5.070895511021166,
        1.5305901070727053,
        -0.4493693181213179
      ],
      [
        -0.6076105029345252,
        0.1845134324275298,
        -21.92632885315322
      ],
      [
        0.01464554362378515,
        0.2478893477678667,
        0.18615843052686093
      ],
      [
        2.4756928738463513,
        -0.31619788937282417,
        0.7038799817426677
      ],
      [
        7.634975287516003,
        -0.390404402090851,
        -0.06108357563684103
      ],
      [
        -1.2487065893744898,
        1.1111607507494057,
        0.5318098194124791
      ]
    ],
    "Cc": [
      [
        -0.018492278509567667,
        -0.01609049146429045,
        0.00340464968247681,
        0.00024759953711693484,
        0.09670392998589529,
        0.03587691016311484,
        0.004085902945863915
      ]
    ],
    "Dc": [
      [
        0.6926806225516547,
        -0.06369837329404346,
        0.0011916298328023076
      ]
    ]
  },
  "plant": {
    "A": [
      [
        1.0003880350556809,
        0.0023412761995752246,
        0.00018184668587602397,
        0.012327815777906134,
        0.00020214338009907182,
        -0.0021610074403035427,
        -0.00027060517534612416
      ],
      [
        -5.1663553055695204e-05,
        0.9528203452633124,
        0.04850053049656968,
        0.0037893451802164003,
        6.170627624878133e-05,
        -0.0014442470672004978,
        -9.078510286093729e-05
      ],
      [
        0.004658388714263424,
        -1.8794661911036212,
        0.9239090259557459,
        0.15050002087833766,
        0.0024708103560451187,
        -0.055430551896603085,
        -0.003857229341167745
      ],
      [
        -4.28199023240314e-06,
        3.1464356285456916e-05,
        -8.187176033953391e-06,
        0.02062438750670244,
        0.031311642296058144,
        -1.7971435785940284e-05,
        -3.194244994981566e-06
      ],
      [
        -2.8316897093505067e-05,
        0.0008706010031834428,
        0.00011178158964819291,
        -30.430522333484884,
        -0.018229790943704142,
        -0.0006405628264951062,
        -0.00011088091025822715
      ],
      [
        -0.0004042106872249499,
        -0.0004017023169499541,
        9.954935570215296e-05,
        0.0001826801955903355,
        1.996627734622398e-06,
        0.901610951915191,
        0.034461040059120276
      ],
      [
        0.00502359870315079,
        0.008195245387807023,
        -0.002387638120007942,
        -0.005176342425659136,
        -5.5342147282362534e-05,
        -3.4428169891973353,
        0.41981680980294805
      ]
    ],
    "Bw": [
      [
        -0.0813543589935613,
        -0.006348630090010752,
        0.0001,
        0.0
      ],
      [
        -0.025418395822591644,
        0.003922760571615232,
        0.0,
        0.0
      ],
      [
        -0.9949972827754074,
        -0.041052804489153646,
        0.0,
        0.0
      ],
      [
        -0.0010138977831440192,
        -0.00020355620324922493,
        0.0,
        0.0
      ],
      [
        -0.03125910850101747,
        -0.012187277189807956,
        0.0,
        0.0
      ],
      [
        0.0014596424633875167,
        -0.0349830983934324,
        0.0,
        0.0
      ],
      [
        -0.041659216111148784,
        0.9984420793192864,
        0.0,
        0.0
      ]
    ],
    "Bu": [
      [
        0.0016211485020505032
      ],
      [
        0.00047045845824450906
      ],
      [
        0.018470948856830514
      ],
      [
        2.1116759096024702e-05
      ],
      [
        0.0006696768500397404
      ],
      [
        0.0984596459500236
      ],
      [
        3.4452706715885832
      ]
    ],
    "Cz": [
      [
        1.0000207442870004,
        3.3928995073979715e-05,
        -9.875557826619753e-06,
        -2.1425636351779026e-05,
        -2.2903692763294456e-07,
        2.578461962423624e-05,
        4.1764103977204785e-06
      ],
      [
        1.2621311941029587e-05,
        1.000020221081891,
        -6.002691397441946e-06,
        -1.30549098440575e-05,
        -1.3785975676592738e-07,
        1.5680592027136908e-05,
        2.541851730459034e-06
      ],
      [
        0.0004898086486413249,
        0.0008002826242403027,
        0.9997670346214584,
        -0.0005054407742121989,
        -5.401320618385297e-06,
        0.000608233626498593,
        9.851735342336709e-05
      ],
      [
        1.346330354312254e-06,
        2.1637589144924465e-06,
        -6.381697189920518e-07,
        0.9999880719997408,
        -2.4853527093654706e-08,
        1.6718915181788489e-06,
        2.7106409421894316e-07
      ],
      [
        -1.2621304698370742e-05,
        -2.062018368697029e-05,
        6.002558782479915e-06,
        1.3014057298232436e-05,
        1.000000127817489,
        -1.567294443591057e-05,
        -2.5385928556016227e-06
      ],
      [
        -0.0004010956201636789,
        -0.0006553270685622702,
        0.0001907626886163737,
        0.0004138994942469927,
        4.4227525901425095e-06,
        0.9995019151030586,
        -8.067598941508576e-05
      ],
      [
        0.0036425720539020353,
        0.005951495405327842,
        -0.001732425770100443,
        -0.003758834684208513,
        -4.0166933771491906e-05,
        0.004523267564360324,
        1.0007326440227609
      ],
      [
        0.0006118466829181384,
        0.0009996552894560304,
        -0.0002909972251314358,
        -0.0006313778181482757,
        -6.746666489598118e-06,
        0.0007597925260226061,
        0.00012306731863468676
      ]
    ],
    "Dzw": [
      [
        -0.0001723428143725579,
        0.004130521210910419,
        0.0,
        0.0
      ],
      [
        -0.00010473307055532989,
        0.0025101259471391893,
        0.0,
        0.0
      ],
      [
        -0.004065388930505013,
        0.09743472780898216,
        0.0,
        0.0
      ],
      [
        -1.1162647812754936e-05,
        0.00026753399784048665,
        0.0,
        0.0
      ],
      [
        0.00010475569212081356,
        -0.002510668111361568,
        0.0,
        0.0
      ],
      [
        0.0033290747708207627,
        -0.07978756760945466,
        0.0,
        0.0
      ],
      [
        -0.030233181415799337,
        0.7245953222200491,
        0.0,
        0.0
      ],
      [
        -0.005078298981632229,
        0.121711031211924,
        0.0,
        0.0
      ]
    ],
    "Dzu": [
      [
        -1.560679290954699e-05
      ],
      [
        -9.507265162147326e-06
      ],
      [
        -0.0003681493723568688
      ],
      [
        -1.0132026754868512e-06
      ],
      [
        9.48657388594882e-06
      ],
      [
        0.000301485337283808
      ],
      [
        -0.0027378229091391646
      ],
      [
        0.9995400957773394
      ]
    ],
    "Cy": [
      [
        1.0000207112170847,
        4.647435943856498e-05,
        -9.971128532267847e-06,
        -2.014304091546418e-05,
        -3.435808335915239e-07,
        1.80147315585893e-05,
        1.877081837008569e-06
      ],
      [
        0.0004890285608320492,
        0.001096215814582892,
        0.9997647801995844,
        -0.0004751855701038799,
        -8.103302206128474e-06,
        0.0004249493712882215,
        4.427838380471035e-05
      ],
      [
        -1.2601203181986545e-05,
        -2.824587121032298e-05,
        6.060651342888129e-06,
        1.2234432910789768e-05,
        1.00000019744289,
        -1.095002553463777e-05,
        -1.1409482270273313e-06
      ]
    ],
    "Dyw": [
      [
        -0.00017234281912386547,
        0.004130521171942507,
        0.0,
        0.0001
      ],
      [
        -0.0040653890425830135,
        0.09743472688976682,
        0.0,
        0.0
      ],
      [
        0.00010475569500883382,
        -0.002510668087674985,
        0.0,
        0.0
      ]
    ]
  },
  "plant_dims": {
    "nx": 7,
    "nu": 1,
    "nw": 4,
    "ny": 3,
    "nz": 8
  },
  "initial_conds": {
    "X": [
      [
        0.07
      ],
      [
        0.0
      ],
      [
        0.0
      ],
      [
        0.0
      ],
      [
        0.0
      ],
      [
        0.0
      ],
      [
        0.0
      ]
    ],
    "Xc": [
      [
        0.0
      ],
      [
        0.0
      ],
      [
        0.0
      ],
      [
        0.0
      ],
      [
        0.0
      ],
      [
        0.0
      ],
      [
        0.0
      ]
    ]
  },
  "composite_closed_loop": {
    "Acl": [
      [
        1.0015109459431017,
        0.002341215132638385,
        7.859526803504853e-05,
        0.012327842251962517,
        0.00020407564036254558,
        -0.0021610311142213957,
        -0.0002706076420895642,
        -2.9978729605286333e-05,
        -2.608507613459087e-05,
        5.519442732754001e-06,
        4.013956187055169e-07,
        0.0001567714312390309,
        5.8161799169134096e-05,
        6.623855440211023e-06
      ],
      [
        0.00027420599200686545,
        0.9528203275416435,
        0.048470566861043646,
        0.0037893528630065544,
        6.226701956337046e-05,
        -0.0014442539373884416,
        -9.078581871165314e-05,
        -8.699848837039272e-06,
        -7.5699078066865175e-06,
        1.6017462404806972e-06,
        1.1648529649408726e-07,
        4.549518180734925e-05,
        1.6878595841915765e-05,
        1.922247600447835e-06
      ],
      [
        0.01745254640314676,
        -1.879466886884585,
        0.9227326058708963,
        0.15050032251692344,
        0.002492826032252182,
        -0.055430821631131014,
        -0.0038572574466077254,
        -0.0003415699305964904,
        -0.0002972066449181768,
        6.28871101604534e-05,
        4.573398387061812e-06,
        0.0017862133450239905,
        0.0006626805727639971,
        7.547050434702551e-05
      ],
      [
        1.0344824440021926e-05,
        3.146356083964036e-05,
        -9.532108539589412e-06,
        0.020624387851548253,
        0.031311667465297385,
        -1.797174415770236e-05,
        -3.1942771262927383e-06,
        -3.9049699042313515e-07,
        -3.3977903198806316e-07,
        7.189516715121979e-08,
        5.22849977758554e-09,
        2.04207359315099e-06,
        7.576040690242164e-07,
        8.628102819754595e-08
      ],
      [
        0.0004355440169512387,
        0.0008705757771700007,
        6.912967702302402e-05,
        -30.43052232254877,
        -0.01822899275034612,
        -0.0006405726059044052,
        -0.00011088192924012468,
        -1.238385082234486e-05,
        -1.0775429639397358e-05,
        2.2800150748498727e-06,
        1.6581167808776672e-07,
        6.476038321941796e-05,
        2.4025936187193497e-05,
        2.7362346143542425e-06
      ],
      [
        0.06779522216488802,
        -0.00040541118691027556,
        -0.0061713740246062175,
        0.00018428808420453357,
        0.00011935149139102965,
        0.9016095140915943,
        0.03446089024268739,
        -0.0018207431948612626,
        -0.0015842640927359144,
        0.00033522060232052696,
        2.437856276192313e-05,
        0.00952143470838712,
        0.0035324278724410906,
        0.0004022965574359195
      ],
      [
        2.391437886071441,
        0.008065465712329445,
        -0.2218179254980664,
        -0.005120079665091322,
        0.004051104367149776,
        -3.442867301093351,
        0.4198115674708498,
        -0.06371090479986131,
        -0.05543609833336632,
        0.011729939698070735,
        0.0008530474235278844,
        0.3331712138077608,
        0.12360566637219793,
        0.01407704158634234
      ],
      [
        3.83091402516978,
        -0.0006037700301765104,
        -0.7128533176786442,
        0.0002617308899096132,
        0.008456087583663148,
        -0.00023405642869053008,
        -2.4387927395621545e-05,
        0.8969464603451939,
        0.10591262707654966,
        -0.00021453225078085376,
        -0.00944473131431415,
        0.18300105660329438,
        0.26856852054447095,
        -0.14724464750224664
      ],
      [
        5.071754700310276,
        0.0019262165295573504,
        1.530176795951526,
        -0.0008349553671559676,
        -0.44938355194279284,
        0.0007466947306011308,
        7.780324919655506e-05,
        -0.1019443376682339,
        0.9919924133674057,
        -0.030399441192646977,
        0.33295278041700116,
        -0.44517535583746226,
        0.03564832261452394,
        0.06724803871421291
      ],
      [
        -0.6072565568243267,
        0.0007933564946193582,
        0.18434320194279405,
        -0.0003436951966924406,
        -21.926334468755737,
        0.0003075567878246583,
        3.204622796934e-05,
        0.033371899749114205,
        -0.08123139988496263,
        0.14962440290854312,
        16.093003564680682,
        0.0363352788582399,
        -0.04489774587970365,
        0.19687391660738576
      ],
      [
        0.014764726101595873,
        0.00026716265849494123,
        0.24783202149370365,
        -0.00011581090399713701,
        0.18615645352829271,
        0.00010356581845215712,
        1.0791233434238431e-05,
        0.0015194385520584687,
        -0.005227441871530823,
        -0.0481100939878413,
        -0.14090158400094926,
        -0.002372544688708924,
        0.0013762935278370156,
        -0.0020698250190166324
      ],
      [
        2.4755806489254524,
        -0.0002514465897014203,
        -0.316143932849089,
        0.00010899626388913744,
        0.7038818323651987,
        -9.747665552119233e-05,
        -1.0156743993590047e-05,
        -0.0508016729356253,
        0.0012484345021206117,
        0.02491255863915727,
        -0.5153767397893803,
        0.7581977609372312,
        -0.1359269630853774,
        0.19556580956593125
      ],
      [
        7.63494326797027,
        -7.141153502768513e-05,
        -0.390389070771497,
        3.097559586553256e-05,
        -0.061083047363679734,
        -2.7691208242626803e-05,
        -2.8853093192982536e-06,
        -0.14951728485374616,
        -0.032626629503248954,
        -0.02952729476358593,
        0.05456569768369836,
        -0.77508187607921,
        0.11279231112759831,
        -0.22233513948880726
      ],
      [
        -1.248195763708534,
        0.0011450177169798931,
        1.1109150578671827,
        -0.0004963484153438302,
        0.5318013493748347,
        0.00044386861732594735,
        4.624971026117011e-05,
        0.03867412634505924,
        -0.04447949536312704,
        -0.004278940560208789,
        -0.38851848400128275,
        -0.09151383847311363,
        0.03215113241073092,
        0.04502603501571896
      ]
    ],
    "Bcl": [
      [
        -0.08135413251106237,
        -0.006354058170865516,
        0.0001,
        1.1229381536490251e-07
      ],
      [
        -0.025418330097207984,
        0.003921185338657283,
        0.0,
        3.258774577414982e-08
      ],
      [
        -0.9949947022920961,
        -0.04111465064558674,
        0.0,
        1.2794468353269136e-06
      ],
      [
        -0.001013894833027874,
        -0.00020362690835466025,
        0.0,
        1.4627169836907708e-09
      ],
      [
        -0.031259014943834845,
        -0.012189519464395374,
        0.0,
        4.638721773939586e-08
      ],
      [
        0.0014733977650337171,
        -0.03531277017764723,
        0.0,
        6.820108885287786e-06
      ],
      [
        -0.041177894683641685,
        0.9869063022154143,
        0.0,
        0.00023864722336549378
      ],
      [
        0.0022391611681612383,
        -0.053665726600179944,
        0.0,
        0.000383118345218769
      ],
      [
        -0.007143450673066724,
        0.17120628753837658,
        0.0,
        0.0005070895511021166
      ],
      [
        -0.0029423093973995665,
        0.07051800198088316,
        0.0,
        -6.0761050293452525e-05
      ],
      [
        -0.000990789536692665,
        0.02374614259588172,
        0.0,
        1.464554362378515e-06
      ],
      [
        0.0009325349822708692,
        -0.022349962171226846,
        0.0,
        0.00024756928738463513
      ],
      [
        0.00026491376102530335,
        -0.006349158637909596,
        0.0,
        0.0007634975287516004
      ],
      [
        -0.004246385019528526,
        0.10177263733263003,
        0.0,
        -0.00012487065893744897
      ]
    ],
    "Ccl": [
      [
        1.0000099340264637,
        3.3929582965240554e-05,
        -8.88155666397302e-06,
        -2.1425891217459083e-05,
        -2.4763879275587343e-07,
        2.578484753298909e-05,
        4.176434145053916e-06,
        2.8860516112448887e-07,
        2.511209680960145e-07,
        -5.313566252397049e-08,
        -3.864234700283695e-09,
        -1.509238208829199e-06,
        -5.59923507150155e-07,
        -6.37678411246061e-08
      ],
      [
        6.035973493212996e-06,
        1.0000202214400196,
        -5.397170924431484e-06,
        -1.3055065101810654e-05,
        -1.491915444854915e-07,
        1.5680730863408953e-05,
        2.5418661967364553e-06,
        1.7581099524273835e-07,
        1.5297656894027749e-07,
        -3.236890731552773e-08,
        -2.3539944533956383e-09,
        -9.193899045976364e-07,
        -3.4109129811927107e-07,
        -3.884576273312713e-08
      ],
      [
        0.00023480490413929834,
        0.0008002964920349191,
        0.9997904821616591,
        -0.0005054467862507192,
        -5.8401208901236486e-06,
        0.0006082390026488888,
        9.851791360033303e-05,
        6.80792072674575e-06,
        5.923704333492084e-06,
        -1.2534196436988504e-06,
        -9.115361418545081e-08,
        -3.560149112874994e-05,
        -1.3208061958654497e-05,
        -1.5042226050308816e-06
      ],
      [
        6.445215354229336e-07,
        2.1637970807577277e-06,
        -5.736385470038189e-07,
        0.9999880719831948,
        -2.6061171714867544e-08,
        1.6719063141564399e-06,
        2.710656359105587e-07,
        1.8736426061741962e-08,
        1.6302929001517424e-08,
        -3.449600167380962e-09,
        -2.508685134561843e-10,
        -9.798068059180224e-08,
        -3.635058136546936e-08,
        -4.139847796528926e-09
      ],
      [
        -6.050298348624469e-06,
        -2.062054103610122e-05,
        5.398356142846057e-06,
        1.3014212218088096e-05,
        1.0000001391246147,
        -1.5673082970024254e-05,
        -2.5386072903951486e-06,
        -1.754283664005572e-07,
        -1.5264363613722016e-07,
        3.229846076858845e-08,
        2.3488713029865298e-09,
        9.173889768728173e-07,
        3.4034895906193704e-07,
        3.8761220186753966e-08
      ],
      [
        -0.0001922676397500568,
        -0.0006553384251937118,
        0.00017156100012611833,
        0.0004139044176329798,
        4.782095448934688e-06,
        0.999501910700415,
        -8.067644815589641e-05,
        -5.575150823603123e-06,
        -4.85104724617384e-06,
        1.026451957854731e-06,
        7.464762995901385e-08,
        2.9154816948467397e-05,
        1.0816362361227558e-05,
        1.2318398277426871e-06
      ],
      [
        0.001746181224428732,
        0.005951598536199849,
        -0.0015580530357034578,
        -0.0037588793940410625,
        -4.3430167466040224e-05,
        0.0045233075452717365,
        1.0007326481886387,
        5.0628583745676204e-05,
        4.4052916150242574e-05,
        -9.321327898278392e-06,
        -6.778836850109971e-07,
        -0.00026475823491917393,
        -9.822462655370353e-05,
        -1.1186478689705426e-05
      ],
      [
        0.6929570911454276,
        0.0009620036789957706,
        -0.0639519955527847,
        -0.0006150548959609401,
        0.0011846134133404857,
        0.0007451960654958052,
        0.00012154641603309761,
        -0.0184837738325945,
        -0.016083091379321336,
        0.003403083869711159,
        0.00024748566504428595,
        0.0966594554401469,
        0.035860410220634804,
        0.00408402382184573
      ]
    ],
    "Dcl": [
      [
        -0.0001723449947190555,
        0.004130573467032353,
        0.0,
        -1.081052302861976e-09
      ],
      [
        -0.00010473439876750123,
        0.00251015778025253,
        0.0,
        -6.585498351279869e-10
      ],
      [
        -0.004065440362801146,
        0.0974359604811015,
        0.0,
        -2.5500993643615688e-08
      ],
      [
        -1.1162789362201875e-05,
        0.00026753739034033344,
        0.0,
        -7.018258600272343e-11
      ],
      [
        0.00010475701744231082,
        -0.002510699875194445,
        0.0,
        6.571165905201299e-10
      ],
      [
        0.0033291168898200362,
        -0.07978857707082432,
        0.0,
        2.0883305111994376e-08
      ],
      [
        -0.03023356390326012,
        0.7246044892544682,
        0.0,
        -1.896436877138699e-07
      ],
      [
        -0.00493865826494848,
        0.11836427769082729,
        0.0,
        6.923620558083881e-05
      ]
    ]
  },
  "Acl_eigenvals": {
    "cartesian": [
      {
        "re": 0.0011972622437817007,
        "im": 0.9759372181784199,
        "abs": 0.9759379525680477
      },
      {
        "re": 0.0011972622437817007,
        "im": -0.9759372181784199,
        "abs": 0.9759379525680477
      },
      {
        "re": 0.0004725036023521534,
        "im": 0.8682554895715846,
        "abs": 0.8682556181395236
      },
      {
        "re": 0.0004725036023521534,
        "im": -0.8682554895715846,
        "abs": 0.8682556181395236
      },
      {
        "re": 0.035721558338298154,
        "im": 0.0,
        "abs": 0.035721558338298154
      },
      {
        "re": 0.0977515501408502,
        "im": 0.0,
        "abs": 0.0977515501408502
      },
      {
        "re": 0.6569341889877223,
        "im": 0.2479952946305713,
        "abs": 0.7021852994899995
      },
      {
        "re": 0.6569341889877223,
        "im": -0.2479952946305713,
        "abs": 0.7021852994899995
      },
      {
        "re": 0.9383671957577697,
        "im": 0.30156942469758574,
        "abs": 0.985635384910025
      },
      {
        "re": 0.9383671957577697,
        "im": -0.30156942469758574,
        "abs": 0.985635384910025
      },
      {
        "re": 0.8506427016415319,
        "im": 0.07003623270952535,
        "abs": 0.8535209896353733
      },
      {
        "re": 0.8506427016415319,
        "im": -0.07003623270952535,
        "abs": 0.8535209896353733
      },
      {
        "re": 1.0004145269095392,
        "im": 0.0,
        "abs": 1.0004145269095392
      },
      {
        "re": 0.9854428158650259,
        "im": 0.0,
        "abs": 0.9854428158650259
      }
    ],
    "polar": [
      {
        "abs": 0.9759379525680477,
        "ang_rad": 1.569569545378165
      },
      {
        "abs": 0.9759379525680477,
        "ang_rad": -1.569569545378165
      },
      {
        "abs": 0.8682556181395236,
        "ang_rad": 1.5702521280407478
      },
      {
        "abs": 0.8682556181395236,
        "ang_rad": -1.5702521280407478
      },
      {
        "abs": 0.035721558338298154,
        "ang_rad": 0.0
      },
      {
        "abs": 0.0977515501408502,
        "ang_rad": 0.0
      },
      {
        "abs": 0.7021852994899995,
        "ang_rad": 0.36096416273506193
      },
      {
        "abs": 0.7021852994899995,
        "ang_rad": -0.36096416273506193
      },
      {
        "abs": 0.985635384910025,
        "ang_rad": 0.3109513352760089
      },
      {
        "abs": 0.985635384910025,
        "ang_rad": -0.3109513352760089
      },
      {
        "abs": 0.8535209896353733,
        "ang_rad": 0.0821480274313262
      },
      {
        "abs": 0.8535209896353733,
        "ang_rad": -0.0821480274313262
      },
      {
        "abs": 1.0004145269095392,
        "ang_rad": 0.0
      },
      {
        "abs": 0.9854428158650259,
        "ang_rad": 0.0
      }
    ]
  },
  "disturbance": {
    "Sigma_nom": [
      [
        1.0,
        0.0,
        0.0,
        0.0
      ],
      [
        0.0,
        1.0,
        0.0,
        0.0
      ],
      [
        0.0,
        0.0,
        1.0,
        0.0
      ],
      [
        0.0,
        0.0,
        0.0,
        1.0
      ]
    ]
  },
  "dro_variables": {
    "Q": [
      [
        134.16109023265435,
        -5.873086138337431,
        0.008591031822659611,
        -0.024429094532978292
      ],
      [
        -5.873086138337431,
        527.3083407575397,
        0.17863164771856466,
        0.15929599964791893
      ],
      [
        0.008591031822659611,
        0.17863164771856466,
        4.328083987827933,
        -2.5840420158948005e-05
      ],
      [
        -0.024429094532978292,
        0.15929599964791893,
        -2.5840420158948005e-05,
        4.327717126380196
      ]
    ],
    "X": [
      [
        85606.32414848286,
        -31036.609002561258,
        -6393.081805602489,
        -675.7289963661767,
        16.1305900128089,
        -36213.76000170178,
        694.0837931118735
      ],
      [
        -31036.609002561258,
        69110.16252708656,
        794.5748383204618,
        -3264.3419161820057,
        -12.072268489671881,
        -12265.198409832507,
        -980.1676382233775
      ],
      [
        -6393.081805602489,
        794.5748383204618,
        597.7952464126124,
        -1782.6134923719087,
        -37.035755663302766,
        3379.8945857826393,
        -29.3033991839551
      ],
      [
        -675.7289963661767,
        -3264.3419161820057,
        -1782.6134923719087,
        2261905.759488399,
        1482.6401430426642,
        281.9006986895464,
        10.801717961308919
      ],
      [
        16.1305900128089,
        -12.072268489671881,
        -37.035755663302766,
        1482.6401430426642,
        1398.8512069487283,
        -6.030559436614671,
        1.830109064456085
      ],
      [
        -36213.76000170178,
        -12265.198409832507,
        3379.8945857826393,
        281.9006986895464,
        -6.030559436614671,
        27663.73694946616,
        -5.960911102979503
      ],
      [
        694.0837931118735,
        -980.1676382233775,
        -29.3033991839551,
        10.801717961308919,
        1.830109064456085,
        -5.960911102979503,
        305.90229794819226
      ]
    ],
    "Y": [
      [
        48.49200401534682,
        0.03156845580035181,
        -0.028149268289052926,
        -0.0007702797320766963,
        -0.00012215468787322634,
        0.011923846804459291,
        -0.021687947062089815
      ],
      [
        0.03156845580035181,
        31.78531611599407,
        6.815920904277405,
        0.010136537863817328,
        0.016262725703298998,
        -0.2947358086668995,
        -0.06675469492234641
      ],
      [
        -0.028149268289052926,
        6.815920904277405,
        52.81933113923649,
        -0.0056653527045262865,
        0.014858280803274473,
        0.1372892503970674,
        0.02065756937892591
      ],
      [
        -0.0007702797320766963,
        0.010136537863817328,
        -0.0056653527045262865,
        0.19228221720704833,
        -0.03126121245767716,
        7.653676189082808e-05,
        -7.558530730849347e-05
      ],
      [
        -0.00012215468787322634,
        0.016262725703298998,
        0.014858280803274473,
        -0.03126121245767716,
        52.310770302198314,
        0.0004321464291372175,
        -0.000904971849710814
      ],
      [
        0.011923846804459291,
        -0.2947358086668995,
        0.1372892503970674,
        7.653676189082808e-05,
        0.0004321464291372175,
        42.91857866647594,
        -0.10521967018487087
      ],
      [
        -0.021687947062089815,
        -0.06675469492234641,
        0.02065756937892591,
        -7.558530730849347e-05,
        -0.000904971849710814,
        -0.10521967018487087,
        52.27382055887166
      ]
    ],
    "K": [
      [
        0.028485743152163213,
        -0.07560438431467395,
        0.06059898143424543,
        0.006025239836339947,
        -0.0005888309583272819,
        0.05618225556920347,
        -0.007382822536188081
      ],
      [
        0.03220733015288172,
        -0.001617006584277284,
        -0.017107827030053892,
        0.007652363800176183,
        0.008061395122235365,
        0.06481290381977103,
        -0.022155066449013935
      ],
      [
        0.011555973060057205,
        -0.019946627781806944,
        0.055575250262315544,
        -0.0048528346206218155,
        4.165839989604559e-05,
        -0.019526417221077865,
        0.0012839460823871767
      ],
      [
        1.2699883137978762e-06,
        0.0009240855697150387,
        0.0008874162056667708,
        -0.0001810189673888693,
        0.0023880488410625827,
        -0.003018214836780262,
        -0.0008716871091904965
      ],
      [
        2.416655025773063e-05,
        0.0002968786102198688,
        8.346648210742378e-05,
        0.00736458228335651,
        1.8054721100158295e-06,
        -7.531761381530698e-05,
        0.0005326498475121494
      ],
      [
        0.016584932517506555,
        0.0823766769391179,
        -0.04215624412424183,
        0.004547230377130953,
        -0.001626200691397814,
        0.03349577331591604,
        0.00790269083532847
      ],
      [
        -0.0007051913869007868,
        0.015096846537266258,
        -0.06466960099591561,
        0.001763653238697595,
        -0.0016728475296408887,
        0.06790775404728196,
        0.1331170176010681
      ]
    ],
    "L": [
      [
        -9838.707656225564,
        1130.5325841328877,
        11.659306990845913
      ],
      [
        -6808.902110573351,
        -2289.7153884588324,
        7.279352080990324
      ],
      [
        1106.5296492475522,
        -107.74138063563713,
        11.343979136432662
      ],
      [
        -18.318377243047912,
        229.00249053680236,
        -14765.400133743384
      ],
      [
        7.258765815851782,
        66.318765982311,
        -11.42311693986253
      ],
      [
        8395.919631934295,
        431.1312946304692,
        0.20583996963043874
      ],
      [
        1709.0263955286678,
        -82.05810693894712,
        2.797691299178223
      ]
    ],
    "M": [
      [
        -0.06664292791417722,
        -0.26657571617489445,
        0.09577856617641148,
        0.0005091810460531937,
        0.0010602883374795603,
        39.47548284182019,
        -6.025580936462861
      ]
    ],
    "N": [
      [
        0.6926806225516547,
        -0.06369837329404346,
        0.0011916298328023076
      ]
    ],
    "Pbar": [
      [
        48.49200401534682,
        0.03156845580035181,
        -0.028149268289052926,
        -0.0007702797320766963,
        -0.00012215468787322634,
        0.011923846804459291,
        -0.021687947062089815,
        1.0,
        0.0,
        0.0,
        0.0,
        0.0,
        0.0,
        0.0
      ],
      [
        0.03156845580035181,
        31.78531611599407,
        6.815920904277405,
        0.010136537863817328,
        0.016262725703298998,
        -0.2947358086668995,
        -0.06675469492234641,
        0.0,
        1.0,
        0.0,
        0.0,
        0.0,
        0.0,
        0.0
      ],
      [
        -0.028149268289052926,
        6.815920904277405,
        52.81933113923649,
        -0.0056653527045262865,
        0.014858280803274473,
        0.1372892503970674,
        0.02065756937892591,
        0.0,
        0.0,
        1.0,
        0.0,
        0.0,
        0.0,
        0.0
      ],
      [
        -0.0007702797320766963,
        0.010136537863817328,
        -0.0056653527045262865,
        0.19228221720704833,
        -0.03126121245767716,
        7.653676189082808e-05,
        -7.558530730849347e-05,
        0.0,
        0.0,
        0.0,
        1.0,
        0.0,
        0.0,
        0.0
      ],
      [
        -0.00012215468787322634,
        0.016262725703298998,
        0.014858280803274473,
        -0.03126121245767716,
        52.310770302198314,
        0.0004321464291372175,
        -0.000904971849710814,
        0.0,
        0.0,
        0.0,
        0.0,
        1.0,
        0.0,
        0.0
      ],
      [
        0.011923846804459291,
        -0.2947358086668995,
        0.1372892503970674,
        7.653676189082808e-05,
        0.0004321464291372175,
        42.91857866647594,
        -0.10521967018487087,
        0.0,
        0.0,
        0.0,
        0.0,
        0.0,
        1.0,
        0.0
      ],
      [
        -0.021687947062089815,
        -0.06675469492234641,
        0.02065756937892591,
        -7.558530730849347e-05,
        -0.000904971849710814,
        -0.10521967018487087,
        52.27382055887166,
        0.0,
        0.0,
        0.0,
        0.0,
        0.0,
        0.0,
        1.0
      ],
      [
        1.0,
        0.0,
        0.0,
        0.0,
        0.0,
        0.0,
        0.0,
        85606.32414848286,
        -31036.609002561258,
        -6393.081805602489,
        -675.7289963661767,
        16.1305900128089,
        -36213.76000170178,
        694.0837931118735
      ],
      [
        0.0,
        1.0,
        0.0,
        0.0,
        0.0,
        0.0,
        0.0,
        -31036.609002561258,
        69110.16252708656,
        794.5748383204618,
        -3264.3419161820057,
        -12.072268489671881,
        -12265.198409832507,
        -980.1676382233775
      ],
      [
        0.0,
        0.0,
        1.0,
        0.0,
        0.0,
        0.0,
        0.0,
        -6393.081805602489,
        794.5748383204618,
        597.7952464126124,
        -1782.6134923719087,
        -37.035755663302766,
        3379.8945857826393,
        -29.3033991839551
      ],
      [
        0.0,
        0.0,
        0.0,
        1.0,
        0.0,
        0.0,
        0.0,
        -675.7289963661767,
        -3264.3419161820057,
        -1782.6134923719087,
        2261905.759488399,
        1482.6401430426642,
        281.9006986895464,
        10.801717961308919
      ],
      [
        0.0,
        0.0,
        0.0,
        0.0,
        1.0,
        0.0,
        0.0,
        16.1305900128089,
        -12.072268489671881,
        -37.035755663302766,
        1482.6401430426642,
        1398.8512069487283,
        -6.030559436614671,
        1.830109064456085
      ],
      [
        0.0,
        0.0,
        0.0,
        0.0,
        0.0,
        1.0,
        0.0,
        -36213.76000170178,
        -12265.198409832507,
        3379.8945857826393,
        281.9006986895464,
        -6.030559436614671,
        27663.73694946616,
        -5.960911102979503
      ],
      [
        0.0,
        0.0,
        0.0,
        0.0,
        0.0,
        0.0,
        1.0,
        694.0837931118735,
        -980.1676382233775,
        -29.3033991839551,
        10.801717961308919,
        1.830109064456085,
        -5.960911102979503,
        305.90229794819226
      ]
    ],
    "Abar": [
      [
        48.48458253005359,
        0.11129762897118617,
        0.00044340626479942536,
        0.0016188291772097356,
        0.010118171873154804,
        -0.008069426211977815,
        -0.04524043868723122,
        1.000971185508081,
        0.0024504567419403444,
        0.0001252532455560767,
        0.012331242144505384,
        0.00020421240334052662,
        -0.0019414914926669002,
        -0.0002646039028482134
      ],
      [
        0.03563644450011969,
        30.603550142397665,
        9.051819751721098,
        0.010105902022208976,
        0.019351748449825297,
        -0.31535671614738436,
        -0.06973861161512562,
        0.00046988859901820755,
        0.9524150567906754,
        0.04844484148969053,
        0.003787450880451795,
        6.290116544861913e-05,
        -0.0013952902228522282,
        -8.551891835682864e-05
      ],
      [
        0.14058566299295966,
        -53.42869483271477,
        35.982913567968914,
        0.004576213779975951,
        0.10772423695614418,
        -0.9694350179763332,
        -0.1626968419801792,
        0.017492857858032528,
        -1.879464504898964,
        0.922728911997895,
        0.1504933512744897,
        0.0024931674437409152,
        -0.055450538908040824,
        -0.003857910621784167
      ],
      [
        -1.866403525724091e-05,
        0.0016713346890736486,
        0.0007090099840727564,
        0.002999429342701626,
        1.6142611502304651,
        -5.467613108882342e-06,
        -0.0003281585963117377,
        1.4662196320945762e-05,
        2.9522133698621987e-05,
        1.81000715591472e-06,
        0.020616649059062925,
        0.030871394458959037,
        -1.971341207215345e-05,
        -3.2825474051512808e-06
      ],
      [
        0.022038482748479197,
        -0.28031335503730137,
        0.18394915956292096,
        -5.850618306974818,
        -0.002318077691724478,
        -0.003620038406887467,
        -0.00750273223483984,
        0.00043544366415498284,
        0.0008702000276985891,
        6.934874436395585e-05,
        -30.4302539672847,
        -0.018229120050818157,
        -0.0006405054219750239,
        -0.00011088537497654207
      ],
      [
        -0.005099546726019338,
        -0.3028043342458445,
        0.1363653990821102,
        0.0001480837458994428,
        0.0005551300358605862,
        42.57234173097949,
        1.112995040888053,
        0.06802357073987353,
